
./obj/kern/kernel：     文件格式 elf32-i386

.stab 节的内容：

Symnum n_type n_othr n_desc n_value  n_strx String

-1     HdrSym 0      1675   00001d12 1     
0      SO     0      0      f0100000 1      {standard input}
1      SOL    0      0      f010000c 18     kern/entry.S
2      SLINE  0      44     f010000c 0      
3      SLINE  0      57     f0100015 0      
4      SLINE  0      58     f010001a 0      
5      SLINE  0      60     f010001d 0      
6      SLINE  0      61     f0100020 0      
7      SLINE  0      62     f0100025 0      
8      SLINE  0      67     f0100028 0      
9      SLINE  0      68     f010002d 0      
10     SLINE  0      74     f010002f 0      
11     SLINE  0      77     f0100034 0      
12     SLINE  0      80     f0100039 0      
13     SLINE  0      83     f010003e 0      
14     SO     0      2      f0100040 31     kern/entrypgdir.c
15     OPT    0      0      00000000 49     gcc2_compiled.
16     LSYM   0      0      00000000 64     int:t(0,1)=r(0,1);-2147483648;2147483647;
17     LSYM   0      0      00000000 106    char:t(0,2)=r(0,2);0;127;
18     LSYM   0      0      00000000 132    long int:t(0,3)=r(0,3);-2147483648;2147483647;
19     LSYM   0      0      00000000 179    unsigned int:t(0,4)=r(0,4);0;4294967295;
20     LSYM   0      0      00000000 220    long unsigned int:t(0,5)=r(0,5);0;4294967295;
21     LSYM   0      0      00000000 266    __int128:t(0,6)=r(0,6);0;-1;
22     LSYM   0      0      00000000 295    __int128 unsigned:t(0,7)=r(0,7);0;-1;
23     LSYM   0      0      00000000 333    long long int:t(0,8)=r(0,8);-9223372036854775808;9223372036854775807;
24     LSYM   0      0      00000000 403    long long unsigned int:t(0,9)=r(0,9);0;-1;
25     LSYM   0      0      00000000 446    short int:t(0,10)=r(0,10);-32768;32767;
26     LSYM   0      0      00000000 486    short unsigned int:t(0,11)=r(0,11);0;65535;
27     LSYM   0      0      00000000 530    signed char:t(0,12)=r(0,12);-128;127;
28     LSYM   0      0      00000000 568    unsigned char:t(0,13)=r(0,13);0;255;
29     LSYM   0      0      00000000 605    float:t(0,14)=r(0,1);4;0;
30     LSYM   0      0      00000000 631    double:t(0,15)=r(0,1);8;0;
31     LSYM   0      0      00000000 658    long double:t(0,16)=r(0,1);12;0;
32     LSYM   0      0      00000000 691    _Float32:t(0,17)=r(0,1);4;0;
33     LSYM   0      0      00000000 720    _Float64:t(0,18)=r(0,1);8;0;
34     LSYM   0      0      00000000 749    _Float128:t(0,19)=r(0,1);16;0;
35     LSYM   0      0      00000000 780    _Float32x:t(0,20)=r(0,1);8;0;
36     LSYM   0      0      00000000 810    _Float64x:t(0,21)=r(0,1);12;0;
37     LSYM   0      0      00000000 841    _Decimal32:t(0,22)=r(0,1);4;0;
38     LSYM   0      0      00000000 872    _Decimal64:t(0,23)=r(0,1);8;0;
39     LSYM   0      0      00000000 903    _Decimal128:t(0,24)=r(0,1);16;0;
40     LSYM   0      0      00000000 936    void:t(0,25)=(0,25)
41     BINCL  0      0      000159c2 956    ./inc/mmu.h
42     BINCL  0      0      000060d4 968    ./inc/types.h
43     LSYM   0      0      00000000 982    bool:t(2,1)=(2,2)=eFalse:0,True:1,;
44     LSYM   0      0      00000000 1018    :T(2,3)=efalse:0,true:1,;
45     LSYM   0      0      00000000 1045   int8_t:t(2,4)=(0,12)
46     LSYM   0      0      00000000 1066   uint8_t:t(2,5)=(0,13)
47     LSYM   0      0      00000000 1088   int16_t:t(2,6)=(0,10)
48     LSYM   0      0      00000000 1110   uint16_t:t(2,7)=(0,11)
49     LSYM   0      0      00000000 1133   int32_t:t(2,8)=(0,1)
50     LSYM   0      0      00000000 1154   uint32_t:t(2,9)=(0,4)
51     LSYM   0      0      00000000 1176   int64_t:t(2,10)=(0,8)
52     LSYM   0      0      00000000 1198   uint64_t:t(2,11)=(0,9)
53     LSYM   0      0      00000000 1221   intptr_t:t(2,12)=(2,8)
54     LSYM   0      0      00000000 1244   uintptr_t:t(2,13)=(2,9)
55     LSYM   0      0      00000000 1268   physaddr_t:t(2,14)=(2,9)
56     LSYM   0      0      00000000 1293   ppn_t:t(2,15)=(2,9)
57     LSYM   0      0      00000000 1313   size_t:t(2,16)=(2,9)
58     LSYM   0      0      00000000 1334   ssize_t:t(2,17)=(2,8)
59     LSYM   0      0      00000000 1356   off_t:t(2,18)=(2,8)
60     EINCL  0      0      00000000 0      
61     LSYM   0      0      00000000 1376   Segdesc:T(1,1)=s8sd_lim_15_0:(0,4),0,16;sd_base_15_0:(0,4),16,16;sd_base_23_16:(0,4),32,8;sd_type:(0,4),40,4;sd_s:(0,4),44,1;sd_dpl:(0,4),45,2;sd_p:(0,4),47,1;sd_lim_19_16:(0,4),48,4;sd_avl:(0,4),52,1;sd_rsv1:(0,4),53,1;sd_db:(0,4),54,1;sd_g:(0,4),55,1;sd_base_31_24:(0,4),56,8;;
62     LSYM   0      0      00000000 1656   Taskstate:T(1,2)=s104ts_link:(2,9),0,32;ts_esp0:(2,13),32,32;ts_ss0:(2,7),64,16;ts_padding1:(2,7),80,16;ts_esp1:(2,13),96,32;ts_ss1:(2,7),128,16;ts_padding2:(2,7),144,16;ts_esp2:(2,13),160,32;ts_ss2:(2,7),192,16;ts_padding3:(2,7),208,16;ts_cr3:(2,14),224,32;ts_eip:(2,13),256,32;ts_eflags:(2,9),288,32;ts_eax:(2,9),320,32;ts_ecx:(2,9),352,32;ts_edx:(2,9),384,32;ts_ebx:(2,9),416,32;ts_esp:(2,13),448,32;ts_ebp:(2,13),480,32;ts_esi:(2,9),512,32;ts_edi:(2,9),544,32;ts_es:(2,7),576,16;ts_padding4:(2,7),592,16;ts_cs:(2,7),608,16;ts_padding5:(2,7),624,16;ts_ss:(2,7),640,16;ts_padding6:(2,7),656,16;ts_ds:(2,7),672,16;ts_padding7:(2,7),688,16;ts_fs:(2,7),704,16;ts_padding8:(2,7),720,16;ts_gs:(2,7),736,16;ts_padding9:(2,7),752,16;ts_ldt:(2,7),768,16;ts_padding10:(2,7),784,16;ts_t:(2,7),800,16;ts_iomb:(2,7),816,16;;
63     LSYM   0      0      00000000 2471   Gatedesc:T(1,3)=s8gd_off_15_0:(0,4),0,16;gd_sel:(0,4),16,16;gd_args:(0,4),32,5;gd_rsv1:(0,4),37,3;gd_type:(0,4),40,4;gd_s:(0,4),44,1;gd_dpl:(0,4),45,2;gd_p:(0,4),47,1;gd_off_31_16:(0,4),48,16;;
64     LSYM   0      0      00000000 2665   Pseudodesc:T(1,4)=s6pd_lim:(2,7),0,16;pd_base:(2,9),16,32;;
65     EINCL  0      0      00000000 0      
66     BINCL  0      0      000008c7 2725   ./inc/memlayout.h
67     LSYM   0      0      00000000 2743   pte_t:t(3,1)=(2,9)
68     LSYM   0      0      00000000 2762   pde_t:t(3,2)=(2,9)
69     EINCL  0      0      00000000 0      
70     GSYM   0      0      00000000 2781   entry_pgdir:G(0,26)=ar(0,27)=r(0,27);0;4294967295;;0;1023;(3,2)
71     GSYM   0      0      00000000 2845   entry_pgtable:G(0,28)=ar(0,27);0;1023;(3,1)
72     SO     0      0      f0100040 0      
73     SO     0      2      f0100040 2889   kern/init.c
74     OPT    0      0      00000000 49     gcc2_compiled.
75     LSYM   0      0      00000000 64     int:t(0,1)=r(0,1);-2147483648;2147483647;
76     LSYM   0      0      00000000 106    char:t(0,2)=r(0,2);0;127;
77     LSYM   0      0      00000000 132    long int:t(0,3)=r(0,3);-2147483648;2147483647;
78     LSYM   0      0      00000000 179    unsigned int:t(0,4)=r(0,4);0;4294967295;
79     LSYM   0      0      00000000 220    long unsigned int:t(0,5)=r(0,5);0;4294967295;
80     LSYM   0      0      00000000 266    __int128:t(0,6)=r(0,6);0;-1;
81     LSYM   0      0      00000000 295    __int128 unsigned:t(0,7)=r(0,7);0;-1;
82     LSYM   0      0      00000000 333    long long int:t(0,8)=r(0,8);-9223372036854775808;9223372036854775807;
83     LSYM   0      0      00000000 403    long long unsigned int:t(0,9)=r(0,9);0;-1;
84     LSYM   0      0      00000000 446    short int:t(0,10)=r(0,10);-32768;32767;
85     LSYM   0      0      00000000 486    short unsigned int:t(0,11)=r(0,11);0;65535;
86     LSYM   0      0      00000000 530    signed char:t(0,12)=r(0,12);-128;127;
87     LSYM   0      0      00000000 568    unsigned char:t(0,13)=r(0,13);0;255;
88     LSYM   0      0      00000000 605    float:t(0,14)=r(0,1);4;0;
89     LSYM   0      0      00000000 631    double:t(0,15)=r(0,1);8;0;
90     LSYM   0      0      00000000 658    long double:t(0,16)=r(0,1);12;0;
91     LSYM   0      0      00000000 691    _Float32:t(0,17)=r(0,1);4;0;
92     LSYM   0      0      00000000 720    _Float64:t(0,18)=r(0,1);8;0;
93     LSYM   0      0      00000000 749    _Float128:t(0,19)=r(0,1);16;0;
94     LSYM   0      0      00000000 780    _Float32x:t(0,20)=r(0,1);8;0;
95     LSYM   0      0      00000000 810    _Float64x:t(0,21)=r(0,1);12;0;
96     LSYM   0      0      00000000 841    _Decimal32:t(0,22)=r(0,1);4;0;
97     LSYM   0      0      00000000 872    _Decimal64:t(0,23)=r(0,1);8;0;
98     LSYM   0      0      00000000 903    _Decimal128:t(0,24)=r(0,1);16;0;
99     LSYM   0      0      00000000 936    void:t(0,25)=(0,25)
100    BINCL  0      0      000024b7 2901   ./inc/stdio.h
101    BINCL  0      0      00000650 2915   ./inc/stdarg.h
102    LSYM   0      0      00000000 2930   va_list:t(2,1)=(2,2)=*(0,2)
103    EINCL  0      0      00000000 0      
104    LSYM   0      0      00000000 2958    :T(1,1)=eCOLOR_BLACK:0,COLOR_RED:1,COLOR_GREEN:2,COLOR_YELLOW:3,COLOR_BLUE:4,COLOR_MAGENTA:5,COLOR_CYAN:6,COLOR_WHITE:7,COLOR_NUM:8,;
105    EINCL  0      0      00000000 0      
106    BINCL  0      0      00000000 3093   ./inc/string.h
107    EXCL   0      0      000060d4 968    ./inc/types.h
108    EINCL  0      0      00000000 0      
109    FUN    0      0      f0100040 3108   test_backtrace:F(0,25)
110    PSYM   0      0      00000008 3131   x:p(0,1)
111    SLINE  0      13     00000000 0      
112    SLINE  0      14     00000017 0      
113    SLINE  0      15     00000027 0      
114    SLINE  0      16     0000002e 0      
115    SLINE  0      19     0000003d 0      
116    SLINE  0      20     0000004d 0      
117    SLINE  0      18     00000057 0      
118    RSYM   0      0      00000006 3140   x:r(0,1)
119    FUN    0      0      f01000aa 3149   rainbow:F(0,25)
120    PSYM   0      0      00000008 3165   stride:p(0,1)
121    SLINE  0      24     00000000 0      
122    SLINE  0      26     00000018 0      
123    SLINE  0      29     0000001d 0      
124    SLINE  0      29     00000023 0      
125    SLINE  0      27     0000002c 0      
126    SLINE  0      28     00000035 0      
127    SLINE  0      29     0000004d 0      
128    SLINE  0      29     00000050 0      
129    SLINE  0      29     00000055 0      
130    SLINE  0      26     00000062 0      
131    SLINE  0      26     00000065 0      
132    SLINE  0      31     0000006d 0      
133    SLINE  0      32     00000072 0      
134    SLINE  0      33     00000077 0      
135    SLINE  0      34     00000086 0      
136    STSYM  0      0      f0102228 3179   msg:V(0,26)=ar(0,27)=r(0,27);0;4294967295;;0;8;(0,2)
137    LBRAC  0      0      00000000 0      
138    RSYM   0      0      00000006 3232   i:r(0,1)
139    LBRAC  0      0      00000018 0      
140    RBRAC  0      0      0000006d 0      
141    RBRAC  0      0      00000091 0      
142    FUN    0      0      f010013b 3241   test_rainbow:F(0,25)
143    SLINE  0      39     00000000 0      
144    SLINE  0      40     0000000b 0      
145    SLINE  0      41     00000010 0      
146    SLINE  0      40     00000019 0      
147    SLINE  0      40     0000001c 0      
148    SLINE  0      42     00000024 0      
149    RSYM   0      0      00000003 3232   i:r(0,1)
150    LBRAC  0      0      0000000b 0      
151    RBRAC  0      0      00000024 0      
152    FUN    0      0      f0100164 3262   i386_init:F(0,25)
153    SLINE  0      46     00000000 0      
154    SLINE  0      52     00000016 0      
155    SLINE  0      52     00000024 0      
156    SLINE  0      56     0000002d 0      
157    SLINE  0      58     00000032 0      
158    SLINE  0      61     00000046 0      
159    SLINE  0      65     00000055 0      
160    FUN    0      0      f01001c8 3280   _panic:F(0,25)
161    PSYM   0      0      00000008 3295   file:p(0,28)=*(0,2)
162    PSYM   0      0      0000000c 3315   line:p(0,1)
163    PSYM   0      0      00000010 3327   fmt:p(0,28)
164    SLINE  0      81     00000000 0      
165    SLINE  0      84     0000001b 0      
166    SLINE  0      84     00000021 0      
167    SLINE  0      100    00000026 0      
168    SLINE  0      86     00000035 0      
169    SLINE  0      89     00000037 0      
170    SLINE  0      91     00000039 0      
171    SLINE  0      92     0000003c 0      
172    SLINE  0      93     00000051 0      
173    SLINE  0      94     0000005b 0      
174    RSYM   0      0      00000007 3339   fmt:r(0,28)
175    FUN    0      0      f0100236 3351   _warn:F(0,25)
176    PSYM   0      0      00000008 3365   file:p(0,28)
177    PSYM   0      0      0000000c 3315   line:p(0,1)
178    PSYM   0      0      00000010 3327   fmt:p(0,28)
179    SLINE  0      106    00000000 0      
180    SLINE  0      109    00000014 0      
181    SLINE  0      110    00000017 0      
182    SLINE  0      111    0000002c 0      
183    SLINE  0      112    00000038 0      
184    SLINE  0      114    00000046 0      
185    STSYM  0      0      f0102228 3378   msg:V(0,26)
186    GSYM   0      0      00000000 3390   panicstr:G(0,28)
187    SO     0      0      f0100286 0      
188    SO     0      2      f010028a 3407   kern/console.c
189    OPT    0      0      00000000 49     gcc2_compiled.
190    LSYM   0      0      00000000 64     int:t(0,1)=r(0,1);-2147483648;2147483647;
191    LSYM   0      0      00000000 106    char:t(0,2)=r(0,2);0;127;
192    LSYM   0      0      00000000 132    long int:t(0,3)=r(0,3);-2147483648;2147483647;
193    LSYM   0      0      00000000 179    unsigned int:t(0,4)=r(0,4);0;4294967295;
194    LSYM   0      0      00000000 220    long unsigned int:t(0,5)=r(0,5);0;4294967295;
195    LSYM   0      0      00000000 266    __int128:t(0,6)=r(0,6);0;-1;
196    LSYM   0      0      00000000 295    __int128 unsigned:t(0,7)=r(0,7);0;-1;
197    LSYM   0      0      00000000 333    long long int:t(0,8)=r(0,8);-9223372036854775808;9223372036854775807;
198    LSYM   0      0      00000000 403    long long unsigned int:t(0,9)=r(0,9);0;-1;
199    LSYM   0      0      00000000 446    short int:t(0,10)=r(0,10);-32768;32767;
200    LSYM   0      0      00000000 486    short unsigned int:t(0,11)=r(0,11);0;65535;
201    LSYM   0      0      00000000 530    signed char:t(0,12)=r(0,12);-128;127;
202    LSYM   0      0      00000000 568    unsigned char:t(0,13)=r(0,13);0;255;
203    LSYM   0      0      00000000 605    float:t(0,14)=r(0,1);4;0;
204    LSYM   0      0      00000000 631    double:t(0,15)=r(0,1);8;0;
205    LSYM   0      0      00000000 658    long double:t(0,16)=r(0,1);12;0;
206    LSYM   0      0      00000000 691    _Float32:t(0,17)=r(0,1);4;0;
207    LSYM   0      0      00000000 720    _Float64:t(0,18)=r(0,1);8;0;
208    LSYM   0      0      00000000 749    _Float128:t(0,19)=r(0,1);16;0;
209    LSYM   0      0      00000000 780    _Float32x:t(0,20)=r(0,1);8;0;
210    LSYM   0      0      00000000 810    _Float64x:t(0,21)=r(0,1);12;0;
211    LSYM   0      0      00000000 841    _Decimal32:t(0,22)=r(0,1);4;0;
212    LSYM   0      0      00000000 872    _Decimal64:t(0,23)=r(0,1);8;0;
213    LSYM   0      0      00000000 903    _Decimal128:t(0,24)=r(0,1);16;0;
214    LSYM   0      0      00000000 936    void:t(0,25)=(0,25)
215    BINCL  0      0      00000000 3422   ./inc/x86.h
216    EXCL   0      0      000060d4 968    ./inc/types.h
217    EINCL  0      0      00000000 0      
218    EXCL   0      0      000008c7 2725   ./inc/memlayout.h
219    EXCL   0      0      000159c2 956    ./inc/mmu.h
220    BINCL  0      0      00000000 3434   ./inc/assert.h
221    EXCL   0      0      000024b7 2901   ./inc/stdio.h
222    EXCL   0      0      00000650 2915   ./inc/stdarg.h
223    EINCL  0      0      00000000 0      
224    FUN    0      0      f010028a 3449   serial_proc_data:f(0,1)
225    SLINE  0      52     00000000 0      
226    SOL    0      0      f010028e 3422   ./inc/x86.h
227    SLINE  0      16     00000004 0      
228    SOL    0      0      f0100294 3407   kern/console.c
229    SLINE  0      53     0000000a 0      
230    SOL    0      0      f0100298 3422   ./inc/x86.h
231    SLINE  0      16     0000000e 0      
232    SOL    0      0      f010029e 3407   kern/console.c
233    SLINE  0      55     00000014 0      
234    SLINE  0      54     00000018 0      
235    SLINE  0      56     0000001d 0      
236    FUN    0      0      f01002a8 3473   handle_ansi_esc_param:f(0,25)
237    RSYM   0      0      00000000 3503   buf:P(0,26)=*(0,2)
238    RSYM   0      0      00000002 3522   len:P(0,1)
239    RSYM   0      0      00000001 3533   attr:P(0,27)=*(0,1)
240    SLINE  0      232    00000000 0      
241    SLINE  0      239    00000017 0      
242    SLINE  0      222    00000019 0      
243    SLINE  0      223    0000001e 0      
244    SLINE  0      216    00000024 0      
245    SLINE  0      223    00000027 0      
246    SLINE  0      224    0000002c 0      
247    SLINE  0      224    0000002f 0      
248    SLINE  0      241    00000035 0      
249    SLINE  0      241    00000038 0      
250    SLINE  0      243    0000003d 0      
251    SLINE  0      243    00000040 0      
252    SLINE  0      250    0000004a 0      
253    SLINE  0      251    0000004c 0      
254    SLINE  0      244    00000054 0      
255    SLINE  0      244    00000057 0      
256    SLINE  0      246    0000005c 0      
257    SLINE  0      246    0000005f 0      
258    SLINE  0      246    0000006c 0      
259    SLINE  0      248    00000070 0      
260    STSYM  0      0      f0102260 3553   ansi2cga:V(0,28)=ar(0,29)=r(0,29);0;4294967295;;0;7;(0,1)
261    RSYM   0      0      00000003 3611   tmp_attr:r(0,1)
262    LBRAC  0      0      00000000 0      
263    RSYM   0      0      00000002 3627   res:r(0,1)
264    LBRAC  0      0      00000019 0      
265    RBRAC  0      0      00000035 0      
266    RBRAC  0      0      0000007c 0      
267    FUN    0      0      f0100324 3638   cons_intr:f(0,25)
268    RSYM   0      0      00000007 3656   proc:P(0,30)=*(0,31)=f(0,1)
269    SLINE  0      547    00000000 0      
270    SLINE  0      553    00000016 0      
271    SLINE  0      553    0000001c 0      
272    SLINE  0      550    00000025 0      
273    SLINE  0      550    0000002a 0      
274    SLINE  0      551    0000002f 0      
275    SLINE  0      553    00000033 0      
276    SLINE  0      553    0000003a 0      
277    SLINE  0      553    0000003d 0      
278    SLINE  0      554    00000043 0      
279    SLINE  0      555    00000049 0      
280    SLINE  0      557    0000005a 0      
281    RSYM   0      0      00000000 3684   c:r(0,1)
282    LBRAC  0      0      00000000 0      
283    RBRAC  0      0      00000062 0      
284    FUN    0      0      f0100386 3693   kbd_proc_data:f(0,1)
285    SLINE  0      467    00000000 0      
286    SOL    0      0      f010039a 3422   ./inc/x86.h
287    SLINE  0      16     00000014 0      
288    SOL    0      0      f01003a0 3407   kern/console.c
289    SLINE  0      473    0000001a 0      
290    SLINE  0      476    00000022 0      
291    SOL    0      0      f01003b0 3422   ./inc/x86.h
292    SLINE  0      16     0000002a 0      
293    SOL    0      0      f01003b8 3407   kern/console.c
294    SLINE  0      481    00000032 0      
295    SLINE  0      485    00000036 0      
296    SLINE  0      490    0000003a 0      
297    SLINE  0      490    00000040 0      
298    SLINE  0      492    00000045 0      
299    SLINE  0      493    0000004a 0      
300    SLINE  0      496    00000053 0      
301    SLINE  0      496    0000005e 0      
302    SLINE  0      497    00000064 0      
303    SLINE  0      497    0000006c 0      
304    SLINE  0      499    00000074 0      
305    SLINE  0      499    00000079 0      
306    SLINE  0      499    00000084 0      
307    SLINE  0      500    00000087 0      
308    SLINE  0      501    0000008b 0      
309    SLINE  0      501    00000090 0      
310    SLINE  0      502    00000095 0      
311    SLINE  0      483    0000009a 0      
312    SLINE  0      484    000000a1 0      
313    SLINE  0      515    000000a6 0      
314    SLINE  0      487    000000af 0      
315    SLINE  0      487    000000b5 0      
316    SLINE  0      488    000000c2 0      
317    SLINE  0      488    000000c5 0      
318    SLINE  0      488    000000d3 0      
319    SLINE  0      488    000000d5 0      
320    SLINE  0      489    000000dd 0      
321    SLINE  0      503    000000e4 0      
322    SLINE  0      504    000000e7 0      
323    SLINE  0      509    000000f0 0      
324    SLINE  0      509    000000f2 0      
325    SLINE  0      510    000000fe 0      
326    SOL    0      0      f0100493 3422   ./inc/x86.h
327    SLINE  0      66     0000010d 0      
328    SLINE  0      67     00000118 0      
329    SOL    0      0      f01004a3 3407   kern/console.c
330    SLINE  0      474    0000011d 0      
331    SLINE  0      477    00000124 0      
332    RSYM   0      0      00000006 3684   c:r(0,1)
333    RSYM   0      0      00000002 3714   data:r(2,5)
334    LCSYM  0      0      f01154d0 3726   shift:V(2,9)
335    LBRAC  0      0      00000000 0      
336    RSYM   0      0      00000002 3714   data:r(2,5)
337    LBRAC  0      0      0000002a 0      
338    RBRAC  0      0      00000032 0      
339    RBRAC  0      0      0000012e 0      
340    FUN    0      0      f01004b4 3739   cons_putc:f(0,25)
341    RSYM   0      0      00000001 3757   c:P(0,1)
342    SLINE  0      584    00000000 0      
343    SLINE  0      70     00000016 0      
344    SOL    0      0      f01004cf 3422   ./inc/x86.h
345    SLINE  0      16     0000001b 0      
346    SOL    0      0      f01004da 3407   kern/console.c
347    SLINE  0      71     00000026 0      
348    SOL    0      0      f01004e6 3422   ./inc/x86.h
349    SLINE  0      16     00000032 0      
350    SOL    0      0      f01004ec 3407   kern/console.c
351    SLINE  0      72     00000038 0      
352    SOL    0      0      f01004f1 3422   ./inc/x86.h
353    SLINE  0      66     0000003d 0      
354    SOL    0      0      f01004f9 3407   kern/console.c
355    SLINE  0      116    00000045 0      
356    SOL    0      0      f01004fe 3422   ./inc/x86.h
357    SLINE  0      16     0000004a 0      
358    SOL    0      0      f0100509 3407   kern/console.c
359    SLINE  0      116    00000055 0      
360    SOL    0      0      f0100515 3422   ./inc/x86.h
361    SLINE  0      16     00000061 0      
362    SOL    0      0      f010051b 3407   kern/console.c
363    SLINE  0      116    00000067 0      
364    SOL    0      0      f0100520 3422   ./inc/x86.h
365    SLINE  0      66     0000006c 0      
366    SOL    0      0      f0100539 3407   kern/console.c
367    SLINE  0      303    00000085 0      
368    SLINE  0      313    0000009f 0      
369    SLINE  0      316    000000a8 0      
370    SLINE  0      317    000000ad 0      
371    SLINE  0      303    000000b9 0      
372    SLINE  0      216    000000be 0      
373    SLINE  0      334    000000c1 0      
374    SLINE  0      335    000000ca 0      
375    SLINE  0      335    000000d9 0      
376    SLINE  0      305    000000e2 0      
377    SLINE  0      306    000000e7 0      
378    SLINE  0      588    000000f1 0      
379    SLINE  0      308    000000f9 0      
380    SLINE  0      308    00000102 0      
381    SLINE  0      308    00000105 0      
382    SLINE  0      167    00000107 0      
383    SLINE  0      169    00000111 0      
384    SLINE  0      169    00000114 0      
385    SLINE  0      183    00000134 0      
386    SLINE  0      184    0000013e 0      
387    SLINE  0      185    00000148 0      
388    SLINE  0      186    00000152 0      
389    SLINE  0      187    0000015c 0      
390    SLINE  0      188    00000166 0      
391    SLINE  0      169    00000168 0      
392    SLINE  0      180    00000171 0      
393    SLINE  0      197    0000018e 0      
394    SLINE  0      207    0000019d 0      
395    SOL    0      0      f0100657 3422   ./inc/x86.h
396    SLINE  0      66     000001a3 0      
397    SOL    0      0      f010065f 3407   kern/console.c
398    SLINE  0      208    000001ab 0      
399    SLINE  0      208    000001b2 0      
400    SLINE  0      208    000001b5 0      
401    SOL    0      0      f010066f 3422   ./inc/x86.h
402    SLINE  0      66     000001bb 0      
403    SOL    0      0      f010067f 3407   kern/console.c
404    SLINE  0      211    000001cb 0      
405    SLINE  0      171    000001d0 0      
406    SLINE  0      171    000001d7 0      
407    SLINE  0      172    000001dc 0      
408    SLINE  0      173    000001e6 0      
409    SLINE  0      173    000001e9 0      
410    SLINE  0      173    000001eb 0      
411    SLINE  0      177    000001fa 0      
412    SLINE  0      190    00000207 0      
413    SLINE  0      190    0000021b 0      
414    SLINE  0      191    00000225 0      
415    SLINE  0      200    0000022a 0      
416    SLINE  0      200    00000238 0      
417    SLINE  0      200    0000023e 0      
418    SLINE  0      202    00000247 0      
419    SLINE  0      202    0000025c 0      
420    SLINE  0      201    00000264 0      
421    SLINE  0      203    00000268 0      
422    SLINE  0      314    00000275 0      
423    SLINE  0      315    00000281 0      
424    SLINE  0      216    00000290 0      
425    SLINE  0      322    00000293 0      
426    SLINE  0      323    00000298 0      
427    SLINE  0      323    000002a7 0      
428    SLINE  0      324    000002ae 0      
429    SLINE  0      327    000002bd 0      
430    SLINE  0      329    000002c7 0      
431    SLINE  0      336    000002d6 0      
432    SLINE  0      343    000002db 0      
433    SLINE  0      353    000002e0 0      
434    SLINE  0      355    000002ea 0      
435    SLINE  0      588    000002f4 0      
436    SLINE  0      338    000002f9 0      
437    SLINE  0      338    000002ff 0      
438    SLINE  0      338    00000307 0      
439    SLINE  0      339    0000030a 0      
440    SLINE  0      340    0000031b 0      
441    SLINE  0      342    00000325 0      
442    SLINE  0      345    00000334 0      
443    SLINE  0      345    0000033a 0      
444    SLINE  0      345    00000342 0      
445    SLINE  0      346    00000345 0      
446    SLINE  0      347    00000356 0      
447    SLINE  0      348    00000360 0      
448    SLINE  0      350    0000036c 0      
449    RSYM   0      0      00000007 3232   i:r(0,1)
450    LBRAC  0      0      00000016 0      
451    RBRAC  0      0      00000045 0      
452    RSYM   0      0      00000007 3232   i:r(0,1)
453    LBRAC  0      0      00000045 0      
454    RBRAC  0      0      00000085 0      
455    RSYM   0      0      00000001 3684   c:r(0,1)
456    LBRAC  0      0      00000107 0      
457    RBRAC  0      0      00000275 0      
458    FUN    0      0      f010082f 3766   serial_intr:F(0,25)
459    SLINE  0      60     00000000 0      
460    SLINE  0      61     0000000e 0      
461    SLINE  0      60     00000018 0      
462    SLINE  0      62     0000001e 0      
463    SLINE  0      63     00000029 0      
464    FUN    0      0      f010085a 3786   kbd_intr:F(0,25)
465    SLINE  0      519    00000000 0      
466    SLINE  0      520    00000014 0      
467    SLINE  0      521    0000001f 0      
468    FUN    0      0      f010087b 3803   cons_getc:F(0,1)
469    SLINE  0      562    00000000 0      
470    SLINE  0      568    00000016 0      
471    SLINE  0      569    0000001b 0      
472    SLINE  0      572    00000020 0      
473    SLINE  0      578    00000026 0      
474    SLINE  0      572    0000002b 0      
475    SLINE  0      573    00000033 0      
476    SLINE  0      573    00000036 0      
477    SLINE  0      575    0000003e 0      
478    SLINE  0      579    00000052 0      
479    RSYM   0      0      00000002 3684   c:r(0,1)
480    LBRAC  0      0      00000000 0      
481    RBRAC  0      0      0000005a 0      
482    FUN    0      0      f01008d5 3820   cons_init:F(0,25)
483    SLINE  0      593    00000000 0      
484    SLINE  0      140    00000018 0      
485    SLINE  0      141    0000001f 0      
486    SLINE  0      142    00000028 0      
487    SLINE  0      142    0000002f 0      
488    SLINE  0      144    00000039 0      
489    SLINE  0      143    00000043 0      
490    SLINE  0      151    0000004a 0      
491    SOL    0      0      f0100925 3422   ./inc/x86.h
492    SLINE  0      66     00000050 0      
493    SOL    0      0      f010092d 3407   kern/console.c
494    SLINE  0      152    00000058 0      
495    SOL    0      0      f0100930 3422   ./inc/x86.h
496    SLINE  0      16     0000005b 0      
497    SOL    0      0      f0100933 3407   kern/console.c
498    SLINE  0      152    0000005e 0      
499    SLINE  0      152    00000061 0      
500    SOL    0      0      f0100939 3422   ./inc/x86.h
501    SLINE  0      66     00000064 0      
502    SLINE  0      16     0000006c 0      
503    SOL    0      0      f0100944 3407   kern/console.c
504    SLINE  0      156    0000006f 0      
505    SLINE  0      154    00000078 0      
506    SLINE  0      154    0000007b 0      
507    SLINE  0      157    0000007d 0      
508    SOL    0      0      f0100959 3422   ./inc/x86.h
509    SLINE  0      66     00000084 0      
510    SLINE  0      16     000000cb 0      
511    SOL    0      0      f01009a8 3407   kern/console.c
512    SLINE  0      99     000000d3 0      
513    SLINE  0      99     000000d5 0      
514    SOL    0      0      f01009b1 3422   ./inc/x86.h
515    SLINE  0      16     000000dc 0      
516    SOL    0      0      f01009bd 3407   kern/console.c
517    SLINE  0      598    000000e8 0      
518    SLINE  0      600    000000ed 0      
519    SLINE  0      146    000000f5 0      
520    SLINE  0      147    000000fc 0      
521    SLINE  0      139    00000106 0      
522    SLINE  0      599    00000112 0      
523    SLINE  0      600    00000124 0      
524    RSYM   0      0      00000002 3838   was:r(2,7)
525    LBRAC  0      0      00000018 0      
526    RBRAC  0      0      00000084 0      
527    RSYM   0      0      00000002 3838   was:r(2,7)
528    LBRAC  0      0      000000f5 0      
529    RBRAC  0      0      00000112 0      
530    FUN    0      0      f01009fb 3849   cputchar:F(0,25)
531    PSYM   0      0      00000008 3866   c:p(0,1)
532    SLINE  0      607    00000000 0      
533    SLINE  0      608    0000000a 0      
534    SLINE  0      609    00000012 0      
535    FUN    0      0      f0100a0f 3875   getchar:F(0,1)
536    SLINE  0      613    00000000 0      
537    SLINE  0      616    0000000a 0      
538    SLINE  0      616    0000000f 0      
539    SLINE  0      619    00000013 0      
540    RSYM   0      0      00000000 3684   c:r(0,1)
541    LBRAC  0      0      00000000 0      
542    RBRAC  0      0      00000015 0      
543    FUN    0      0      f0100a24 3890   iscons:F(0,1)
544    PSYM   0      0      00000008 3904   fdnum:p(0,1)
545    SLINE  0      623    00000000 0      
546    SLINE  0      626    00000004 0      
547    STSYM  0      0      f0102260 3917   ansi2cga:V(0,28)
548    LCSYM  0      0      f01150c0 3934   esc_buf:V(0,32)=ar(0,29);0;1023;(0,2)
549    STSYM  0      0      f01154c0 3972   esc_len:V(0,1)
550    STSYM  0      0      f01154c4 3987   esc_attr:V(0,1)
551    STSYM  0      0      f01154c8 4003   attr:V(0,1)
552    STSYM  0      0      f01154cc 4015   state:V(0,1)
553    LCSYM  0      0      f01154d0 3726   shift:V(2,9)
554    LCSYM  0      0      f01154e0 4028   cons:S(0,33)=s520buf:(0,34)=ar(0,29);0;511;(2,5),0,4096;rpos:(2,9),4096,32;wpos:(2,9),4128,32;;
555    STSYM  0      0      f0115000 4124   charcode:S(0,35)=ar(0,29);0;3;(0,36)=*(2,5)
556    STSYM  0      0      f0113000 4168   ctlmap:S(0,37)=ar(0,29);0;255;(2,5)
557    STSYM  0      0      f0113100 4204   shiftmap:S(0,37)
558    STSYM  0      0      f0113200 4221   normalmap:S(0,37)
559    STSYM  0      0      f0102280 4239   togglecode:S(0,37)
560    STSYM  0      0      f0102380 4258   shiftcode:S(0,37)
561    LCSYM  0      0      f01156e8 4276   crt_pos:S(2,7)
562    LCSYM  0      0      f01156ec 4291   crt_buf:S(0,38)=*(2,7)
563    LCSYM  0      0      f01156f0 4314   addr_6845:S(0,4)
564    LCSYM  0      0      f01156f4 4331   serial_exists:S(2,1)
565    SO     0      0      f0100a2e 0      
566    SO     0      2      f0100a3a 4352   kern/monitor.c
567    OPT    0      0      00000000 49     gcc2_compiled.
568    LSYM   0      0      00000000 64     int:t(0,1)=r(0,1);-2147483648;2147483647;
569    LSYM   0      0      00000000 106    char:t(0,2)=r(0,2);0;127;
570    LSYM   0      0      00000000 132    long int:t(0,3)=r(0,3);-2147483648;2147483647;
571    LSYM   0      0      00000000 179    unsigned int:t(0,4)=r(0,4);0;4294967295;
572    LSYM   0      0      00000000 220    long unsigned int:t(0,5)=r(0,5);0;4294967295;
573    LSYM   0      0      00000000 266    __int128:t(0,6)=r(0,6);0;-1;
574    LSYM   0      0      00000000 295    __int128 unsigned:t(0,7)=r(0,7);0;-1;
575    LSYM   0      0      00000000 333    long long int:t(0,8)=r(0,8);-9223372036854775808;9223372036854775807;
576    LSYM   0      0      00000000 403    long long unsigned int:t(0,9)=r(0,9);0;-1;
577    LSYM   0      0      00000000 446    short int:t(0,10)=r(0,10);-32768;32767;
578    LSYM   0      0      00000000 486    short unsigned int:t(0,11)=r(0,11);0;65535;
579    LSYM   0      0      00000000 530    signed char:t(0,12)=r(0,12);-128;127;
580    LSYM   0      0      00000000 568    unsigned char:t(0,13)=r(0,13);0;255;
581    LSYM   0      0      00000000 605    float:t(0,14)=r(0,1);4;0;
582    LSYM   0      0      00000000 631    double:t(0,15)=r(0,1);8;0;
583    LSYM   0      0      00000000 658    long double:t(0,16)=r(0,1);12;0;
584    LSYM   0      0      00000000 691    _Float32:t(0,17)=r(0,1);4;0;
585    LSYM   0      0      00000000 720    _Float64:t(0,18)=r(0,1);8;0;
586    LSYM   0      0      00000000 749    _Float128:t(0,19)=r(0,1);16;0;
587    LSYM   0      0      00000000 780    _Float32x:t(0,20)=r(0,1);8;0;
588    LSYM   0      0      00000000 810    _Float64x:t(0,21)=r(0,1);12;0;
589    LSYM   0      0      00000000 841    _Decimal32:t(0,22)=r(0,1);4;0;
590    LSYM   0      0      00000000 872    _Decimal64:t(0,23)=r(0,1);8;0;
591    LSYM   0      0      00000000 903    _Decimal128:t(0,24)=r(0,1);16;0;
592    LSYM   0      0      00000000 936    void:t(0,25)=(0,25)
593    EXCL   0      0      000024b7 2901   ./inc/stdio.h
594    EXCL   0      0      00000650 2915   ./inc/stdarg.h
595    EXCL   0      0      00000000 3093   ./inc/string.h
596    EXCL   0      0      000060d4 968    ./inc/types.h
597    EXCL   0      0      000008c7 2725   ./inc/memlayout.h
598    EXCL   0      0      000159c2 956    ./inc/mmu.h
599    BINCL  0      0      0000300f 4367   ./kern/kdebug.h
600    LSYM   0      0      00000000 4383   Eipdebuginfo:T(7,1)=s24eip_file:(7,2)=*(0,2),0,32;eip_line:(0,1),32,32;eip_fn_name:(7,2),64,32;eip_fn_namelen:(0,1),96,32;eip_fn_addr:(4,13),128,32;eip_fn_narg:(0,1),160,32;;
601    EINCL  0      0      00000000 0      
602    LSYM   0      0      00000000 4558   Command:T(0,26)=s12name:(7,2),0,32;desc:(7,2),32,32;func:(0,27)=*(0,28)=f(0,1),64,32;;
603    FUN    0      0      f0100a3a 4645   mon_help:F(0,1)
604    PSYM   0      0      00000008 4661   argc:p(0,1)
605    PSYM   0      0      0000000c 4673   argv:p(0,29)=*(2,2)
606    PSYM   0      0      00000010 4693   tf:p(0,30)=*(0,31)=xsTrapframe:
607    SLINE  0      47     00000000 0      
608    SLINE  0      51     00000024 0      
609    SLINE  0      51     0000002a 0      
610    SLINE  0      50     0000003b 0      
611    SLINE  0      53     00000043 0      
612    FUN    0      0      f0100a8a 4725   mon_kerninfo:F(0,1)
613    PSYM   0      0      00000008 4661   argc:p(0,1)
614    PSYM   0      0      0000000c 4745   argv:p(0,29)
615    PSYM   0      0      00000010 4758   tf:p(0,30)
616    SLINE  0      57     00000000 0      
617    SLINE  0      60     00000018 0      
618    SLINE  0      61     00000024 0      
619    SLINE  0      62     00000039 0      
620    SLINE  0      63     00000056 0      
621    SLINE  0      64     00000073 0      
622    SLINE  0      65     00000090 0      
623    SLINE  0      66     000000ad 0      
624    SLINE  0      67     000000b0 0      
625    SLINE  0      66     000000b8 0      
626    SLINE  0      69     000000c8 0      
627    FUN    0      0      f0100b5f 4769   mon_seecolor:F(0,1)
628    PSYM   0      0      00000008 4661   argc:p(0,1)
629    PSYM   0      0      0000000c 4745   argv:p(0,29)
630    PSYM   0      0      00000010 4758   tf:p(0,30)
631    SLINE  0      160    00000000 0      
632    SLINE  0      161    00000018 0      
633    SLINE  0      172    00000060 0      
634    SLINE  0      173    00000065 0      
635    SLINE  0      173    0000006b 0      
636    SLINE  0      172    00000079 0      
637    SLINE  0      172    0000007c 0      
638    SLINE  0      175    00000084 0      
639    LSYM   0      0      ffffffd8 4789   colorlist:(0,32)=ar(0,33)=r(0,33);0;4294967295;;0;7;(7,2)
640    LBRAC  0      0      00000000 0      
641    RSYM   0      0      00000006 3232   i:r(0,1)
642    LBRAC  0      0      00000060 0      
643    RBRAC  0      0      00000084 0      
644    RBRAC  0      0      00000091 0      
645    FUN    0      0      f0100bf0 4847   mon_backtrace:F(0,1)
646    PSYM   0      0      00000008 4661   argc:p(0,1)
647    PSYM   0      0      0000000c 4745   argv:p(0,29)
648    PSYM   0      0      00000010 4758   tf:p(0,30)
649    SLINE  0      73     00000000 0      
650    SOL    0      0      f0100c08 3422   ./inc/x86.h
651    SLINE  0      214    00000018 0      
652    SOL    0      0      f0100c0c 4352   kern/monitor.c
653    SLINE  0      97     0000001c 0      
654    SLINE  0      108    00000025 0      
655    SLINE  0      89     0000002e 0      
656    SLINE  0      108    00000030 0      
657    SLINE  0      111    0000003f 0      
658    SLINE  0      89     00000041 0      
659    SLINE  0      90     00000045 0      
660    SLINE  0      97     00000048 0      
661    SLINE  0      100    00000061 0      
662    SLINE  0      101    00000074 0      
663    SLINE  0      102    00000080 0      
664    SLINE  0      103    00000087 0      
665    SLINE  0      115    000000ad 0      
666    RSYM   0      0      00000007 4868   ebp:r(4,9)
667    RSYM   0      0      00000006 4879   eip:r(4,9)
668    LSYM   0      0      ffffffe0 4890   info:(7,1)
669    LBRAC  0      0      00000000 0      
670    RSYM   0      0      00000007 4868   ebp:r(4,9)
671    LBRAC  0      0      00000018 0      
672    RBRAC  0      0      0000001c 0      
673    RBRAC  0      0      000000ba 0      
674    FUN    0      0      f0100caa 4901   mon_rainbow:F(0,1)
675    PSYM   0      0      00000008 4661   argc:p(0,1)
676    PSYM   0      0      0000000c 4745   argv:p(0,29)
677    PSYM   0      0      00000010 4758   tf:p(0,30)
678    SLINE  0      119    00000000 0      
679    SLINE  0      120    00000016 0      
680    SLINE  0      122    0000001b 0      
681    FUN    0      0      f0100cd0 4920   mon_setfgc:F(0,1)
682    PSYM   0      0      00000008 4661   argc:p(0,1)
683    PSYM   0      0      0000000c 4745   argv:p(0,29)
684    PSYM   0      0      00000010 4758   tf:p(0,30)
685    SLINE  0      126    00000000 0      
686    SLINE  0      127    00000016 0      
687    SLINE  0      128    0000001b 0      
688    SLINE  0      128    00000021 0      
689    SLINE  0      128    0000002a 0      
690    SLINE  0      129    0000002d 0      
691    SLINE  0      130    0000003e 0      
692    SLINE  0      132    00000047 0      
693    RSYM   0      0      00000000 4938   clr:r(0,1)
694    RSYM   0      0      00000000 4949   argv:r(0,29)
695    LBRAC  0      0      00000000 0      
696    RBRAC  0      0      00000051 0      
697    FUN    0      0      f0100d21 4962   mon_resetfgc:F(0,1)
698    PSYM   0      0      00000008 4661   argc:p(0,1)
699    PSYM   0      0      0000000c 4745   argv:p(0,29)
700    PSYM   0      0      00000010 4758   tf:p(0,30)
701    SLINE  0      136    00000000 0      
702    SLINE  0      137    00000016 0      
703    SLINE  0      139    0000001b 0      
704    FUN    0      0      f0100d47 4982   mon_setbgc:F(0,1)
705    PSYM   0      0      00000008 4661   argc:p(0,1)
706    PSYM   0      0      0000000c 4745   argv:p(0,29)
707    PSYM   0      0      00000010 4758   tf:p(0,30)
708    SLINE  0      143    00000000 0      
709    SLINE  0      144    00000016 0      
710    SLINE  0      145    0000001b 0      
711    SLINE  0      145    00000021 0      
712    SLINE  0      145    0000002a 0      
713    SLINE  0      146    0000002d 0      
714    SLINE  0      147    0000003e 0      
715    SLINE  0      149    00000047 0      
716    RSYM   0      0      00000000 4938   clr:r(0,1)
717    RSYM   0      0      00000000 4949   argv:r(0,29)
718    LBRAC  0      0      00000000 0      
719    RBRAC  0      0      00000051 0      
720    FUN    0      0      f0100d98 5000   mon_resetbgc:F(0,1)
721    PSYM   0      0      00000008 4661   argc:p(0,1)
722    PSYM   0      0      0000000c 4745   argv:p(0,29)
723    PSYM   0      0      00000010 4758   tf:p(0,30)
724    SLINE  0      153    00000000 0      
725    SLINE  0      154    00000016 0      
726    SLINE  0      156    0000001b 0      
727    FUN    0      0      f0100dbe 5020   monitor:F(0,25)
728    PSYM   0      0      00000008 4758   tf:p(0,30)
729    SLINE  0      224    00000000 0      
730    SLINE  0      227    00000018 0      
731    SLINE  0      228    00000024 0      
732    SLINE  0      229    00000032 0      
733    SLINE  0      195    00000049 0      
734    SLINE  0      195    00000066 0      
735    SLINE  0      196    0000006d 0      
736    SLINE  0      196    00000073 0      
737    SLINE  0      195    00000079 0      
738    SLINE  0      195    0000007c 0      
739    SLINE  0      209    00000080 0      
740    SLINE  0      212    00000088 0      
741    SLINE  0      214    00000096 0      
742    SLINE  0      215    000000a0 0      
743    SLINE  0      215    000000ad 0      
744    SLINE  0      214    000000b8 0      
745    SLINE  0      214    000000be 0      
746    SLINE  0      218    000000c3 0      
747    SLINE  0      219    000000d5 0      
748    SLINE  0      197    000000da 0      
749    SLINE  0      201    000000df 0      
750    SLINE  0      205    000000e4 0      
751    SLINE  0      205    000000ea 0      
752    SLINE  0      206    000000ee 0      
753    SLINE  0      206    000000f1 0      
754    SLINE  0      206    000000f5 0      
755    SLINE  0      206    00000104 0      
756    SLINE  0      207    0000010f 0      
757    SLINE  0      202    00000114 0      
758    SLINE  0      203    00000125 0      
759    SLINE  0      235    00000128 0      
760    SLINE  0      236    00000137 0      
761    SLINE  0      192    00000140 0      
762    SLINE  0      191    00000147 0      
763    SLINE  0      216    00000156 0      
764    SLINE  0      216    00000159 0      
765    SLINE  0      216    0000015c 0      
766    SLINE  0      237    0000016b 0      
767    SLINE  0      240    00000172 0      
768    RSYM   0      0      00000006 5036   buf:r(2,2)
769    LBRAC  0      0      00000000 0      
770    LSYM   0      0      ffffffb8 5047   argv:(0,34)=ar(0,33);0;15;(2,2)
771    LBRAC  0      0      00000049 0      
772    RBRAC  0      0      00000128 0      
773    LSYM   0      0      ffffffb8 5079   argv:(0,34)
774    LBRAC  0      0      00000140 0      
775    RBRAC  0      0      0000016b 0      
776    RBRAC  0      0      0000017a 0      
777    STSYM  0      0      f0115020 5091   commands:S(0,35)=ar(0,33);0;8;(0,26)
778    SO     0      0      f0100f38 0      
779    SO     0      2      f0100f38 5128   kern/printf.c
780    OPT    0      0      00000000 49     gcc2_compiled.
781    LSYM   0      0      00000000 64     int:t(0,1)=r(0,1);-2147483648;2147483647;
782    LSYM   0      0      00000000 106    char:t(0,2)=r(0,2);0;127;
783    LSYM   0      0      00000000 132    long int:t(0,3)=r(0,3);-2147483648;2147483647;
784    LSYM   0      0      00000000 179    unsigned int:t(0,4)=r(0,4);0;4294967295;
785    LSYM   0      0      00000000 220    long unsigned int:t(0,5)=r(0,5);0;4294967295;
786    LSYM   0      0      00000000 266    __int128:t(0,6)=r(0,6);0;-1;
787    LSYM   0      0      00000000 295    __int128 unsigned:t(0,7)=r(0,7);0;-1;
788    LSYM   0      0      00000000 333    long long int:t(0,8)=r(0,8);-9223372036854775808;9223372036854775807;
789    LSYM   0      0      00000000 403    long long unsigned int:t(0,9)=r(0,9);0;-1;
790    LSYM   0      0      00000000 446    short int:t(0,10)=r(0,10);-32768;32767;
791    LSYM   0      0      00000000 486    short unsigned int:t(0,11)=r(0,11);0;65535;
792    LSYM   0      0      00000000 530    signed char:t(0,12)=r(0,12);-128;127;
793    LSYM   0      0      00000000 568    unsigned char:t(0,13)=r(0,13);0;255;
794    LSYM   0      0      00000000 605    float:t(0,14)=r(0,1);4;0;
795    LSYM   0      0      00000000 631    double:t(0,15)=r(0,1);8;0;
796    LSYM   0      0      00000000 658    long double:t(0,16)=r(0,1);12;0;
797    LSYM   0      0      00000000 691    _Float32:t(0,17)=r(0,1);4;0;
798    LSYM   0      0      00000000 720    _Float64:t(0,18)=r(0,1);8;0;
799    LSYM   0      0      00000000 749    _Float128:t(0,19)=r(0,1);16;0;
800    LSYM   0      0      00000000 780    _Float32x:t(0,20)=r(0,1);8;0;
801    LSYM   0      0      00000000 810    _Float64x:t(0,21)=r(0,1);12;0;
802    LSYM   0      0      00000000 841    _Decimal32:t(0,22)=r(0,1);4;0;
803    LSYM   0      0      00000000 872    _Decimal64:t(0,23)=r(0,1);8;0;
804    LSYM   0      0      00000000 903    _Decimal128:t(0,24)=r(0,1);16;0;
805    LSYM   0      0      00000000 936    void:t(0,25)=(0,25)
806    EXCL   0      0      000060d4 968    ./inc/types.h
807    EXCL   0      0      000024b7 2901   ./inc/stdio.h
808    EXCL   0      0      00000650 2915   ./inc/stdarg.h
809    FUN    0      0      f0100f38 5142   putch:f(0,25)
810    PSYM   0      0      00000008 5156   ch:p(0,1)
811    PSYM   0      0      0000000c 5166   cnt:p(0,26)=*(0,1)
812    SLINE  0      11     00000000 0      
813    SLINE  0      12     00000016 0      
814    SLINE  0      14     0000001e 0      
815    FUN    0      0      f0100f5e 5185   vcprintf:F(0,1)
816    PSYM   0      0      00000008 5201   fmt:p(0,27)=*(0,2)
817    PSYM   0      0      0000000c 5220   ap:p(3,1)
818    SLINE  0      18     00000000 0      
819    SLINE  0      19     00000016 0      
820    SLINE  0      21     0000001d 0      
821    SLINE  0      23     00000033 0      
822    LSYM   0      0      fffffff4 5230   cnt:(0,1)
823    LBRAC  0      0      00000000 0      
824    RBRAC  0      0      0000003b 0      
825    FUN    0      0      f0100f99 5240   cprintf:F(0,1)
826    PSYM   0      0      00000008 5255   fmt:p(0,27)
827    SLINE  0      27     00000000 0      
828    SLINE  0      31     0000000a 0      
829    SLINE  0      32     0000000d 0      
830    SLINE  0      36     00000016 0      
831    RSYM   0      0      00000000 5267   cnt:r(0,1)
832    LBRAC  0      0      00000000 0      
833    RBRAC  0      0      00000018 0      
834    FUN    0      0      f0100fb1 5278   set_fgcolor:F(0,25)
835    PSYM   0      0      00000008 5298   clr:p(0,1)
836    SLINE  0      47     00000000 0      
837    SLINE  0      48     00000017 0      
838    SLINE  0      49     0000001d 0      
839    SLINE  0      50     00000032 0      
840    RSYM   0      0      00000002 4938   clr:r(0,1)
841    FUN    0      0      f0100fe8 5309   set_bgcolor:F(0,25)
842    PSYM   0      0      00000008 5298   clr:p(0,1)
843    SLINE  0      54     00000000 0      
844    SLINE  0      55     00000017 0      
845    SLINE  0      56     0000001d 0      
846    SLINE  0      57     00000032 0      
847    RSYM   0      0      00000002 4938   clr:r(0,1)
848    FUN    0      0      f010101f 5329   reset_fgcolor:F(0,25)
849    SLINE  0      61     00000000 0      
850    SLINE  0      62     00000016 0      
851    SLINE  0      63     00000022 0      
852    SLINE  0      63     00000028 0      
853    SLINE  0      65     00000030 0      
854    SLINE  0      66     0000003a 0      
855    SLINE  0      64     0000003f 0      
856    FUN    0      0      f010107b 5351   reset_bgcolor:F(0,25)
857    SLINE  0      70     00000000 0      
858    SLINE  0      71     00000016 0      
859    SLINE  0      72     00000022 0      
860    SLINE  0      72     00000028 0      
861    SLINE  0      74     00000030 0      
862    SLINE  0      75     0000003a 0      
863    SLINE  0      73     0000003f 0      
864    STSYM  0      0      f010289c 5373   numbers:S(0,28)=ar(0,29)=r(0,29);0;4294967295;;0;10;(0,2)
865    STSYM  0      0      f0113300 5431   bgclr:S(0,1)
866    STSYM  0      0      f0113304 5444   fgclr:S(0,1)
867    SO     0      0      f01010d7 0      
868    SO     0      2      f01010d7 5457   kern/kdebug.c
869    OPT    0      0      00000000 49     gcc2_compiled.
870    LSYM   0      0      00000000 64     int:t(0,1)=r(0,1);-2147483648;2147483647;
871    LSYM   0      0      00000000 106    char:t(0,2)=r(0,2);0;127;
872    LSYM   0      0      00000000 132    long int:t(0,3)=r(0,3);-2147483648;2147483647;
873    LSYM   0      0      00000000 179    unsigned int:t(0,4)=r(0,4);0;4294967295;
874    LSYM   0      0      00000000 220    long unsigned int:t(0,5)=r(0,5);0;4294967295;
875    LSYM   0      0      00000000 266    __int128:t(0,6)=r(0,6);0;-1;
876    LSYM   0      0      00000000 295    __int128 unsigned:t(0,7)=r(0,7);0;-1;
877    LSYM   0      0      00000000 333    long long int:t(0,8)=r(0,8);-9223372036854775808;9223372036854775807;
878    LSYM   0      0      00000000 403    long long unsigned int:t(0,9)=r(0,9);0;-1;
879    LSYM   0      0      00000000 446    short int:t(0,10)=r(0,10);-32768;32767;
880    LSYM   0      0      00000000 486    short unsigned int:t(0,11)=r(0,11);0;65535;
881    LSYM   0      0      00000000 530    signed char:t(0,12)=r(0,12);-128;127;
882    LSYM   0      0      00000000 568    unsigned char:t(0,13)=r(0,13);0;255;
883    LSYM   0      0      00000000 605    float:t(0,14)=r(0,1);4;0;
884    LSYM   0      0      00000000 631    double:t(0,15)=r(0,1);8;0;
885    LSYM   0      0      00000000 658    long double:t(0,16)=r(0,1);12;0;
886    LSYM   0      0      00000000 691    _Float32:t(0,17)=r(0,1);4;0;
887    LSYM   0      0      00000000 720    _Float64:t(0,18)=r(0,1);8;0;
888    LSYM   0      0      00000000 749    _Float128:t(0,19)=r(0,1);16;0;
889    LSYM   0      0      00000000 780    _Float32x:t(0,20)=r(0,1);8;0;
890    LSYM   0      0      00000000 810    _Float64x:t(0,21)=r(0,1);12;0;
891    LSYM   0      0      00000000 841    _Decimal32:t(0,22)=r(0,1);4;0;
892    LSYM   0      0      00000000 872    _Decimal64:t(0,23)=r(0,1);8;0;
893    LSYM   0      0      00000000 903    _Decimal128:t(0,24)=r(0,1);16;0;
894    LSYM   0      0      00000000 936    void:t(0,25)=(0,25)
895    BINCL  0      0      00001ca6 5471   ./inc/stab.h
896    EXCL   0      0      000060d4 968    ./inc/types.h
897    LSYM   0      0      00000000 5484   Stab:T(1,1)=s12n_strx:(2,9),0,32;n_type:(2,5),32,8;n_other:(2,5),40,8;n_desc:(2,7),48,16;n_value:(2,13),64,32;;
898    EINCL  0      0      00000000 0      
899    EXCL   0      0      000008c7 2725   ./inc/memlayout.h
900    EXCL   0      0      000159c2 956    ./inc/mmu.h
901    EXCL   0      0      00000000 3434   ./inc/assert.h
902    EXCL   0      0      000024b7 2901   ./inc/stdio.h
903    EXCL   0      0      00000650 2915   ./inc/stdarg.h
904    EXCL   0      0      0000300f 4367   ./kern/kdebug.h
905    FUN    0      0      f01010d7 5596   stab_binsearch:f(0,25)
906    RSYM   0      0      00000000 5619   stabs:P(0,26)=*(1,1)
907    RSYM   0      0      00000002 5640   region_left:P(0,27)=*(0,1)
908    RSYM   0      0      00000001 5667   region_right:P(0,27)
909    PSYM   0      0      00000008 5688   type:p(0,1)
910    PSYM   0      0      0000000c 5700   addr:p(2,13)
911    SLINE  0      53     00000000 0      
912    SLINE  0      54     00000015 0      
913    SLINE  0      54     00000017 0      
914    SLINE  0      54     0000001c 0      
915    SLINE  0      56     00000023 0      
916    SLINE  0      63     00000025 0      
917    SLINE  0      64     00000028 0      
918    SLINE  0      69     0000002a 0      
919    SLINE  0      69     00000034 0      
920    SLINE  0      70     00000039 0      
921    SLINE  0      71     0000003e 0      
922    SLINE  0      68     00000041 0      
923    SLINE  0      56     00000048 0      
924    SLINE  0      57     0000004d 0      
925    SLINE  0      57     00000053 0      
926    SLINE  0      57     0000006a 0      
927    SLINE  0      60     0000006c 0      
928    SLINE  0      60     00000070 0      
929    SLINE  0      60     00000076 0      
930    SLINE  0      61     0000007a 0      
931    SLINE  0      72     0000007f 0      
932    SLINE  0      73     00000084 0      
933    SLINE  0      73     0000008a 0      
934    SLINE  0      68     0000008f 0      
935    SLINE  0      78     00000098 0      
936    SLINE  0      80     0000009d 0      
937    SLINE  0      68     000000a3 0      
938    SLINE  0      84     000000ac 0      
939    SLINE  0      85     000000b2 0      
940    SLINE  0      85     000000ba 0      
941    SLINE  0      94     000000bf 0      
942    SLINE  0      88     000000c7 0      
943    SLINE  0      89     000000cc 0      
944    SLINE  0      88     000000db 0      
945    SLINE  0      90     000000dd 0      
946    SLINE  0      88     000000e0 0      
947    SLINE  0      89     000000e4 0      
948    SLINE  0      89     000000ea 0      
949    SLINE  0      92     000000ee 0      
950    SLINE  0      94     000000f3 0      
951    RSYM   0      0      00000006 5713   type:r(0,1)
952    RSYM   0      0      00000000 5725   m:r(0,1)
953    LBRAC  0      0      00000025 0      
954    RBRAC  0      0      00000048 0      
955    RSYM   0      0      00000000 5725   m:r(0,1)
956    LBRAC  0      0      0000004d 0      
957    RBRAC  0      0      000000ac 0      
958    FUN    0      0      f01011cc 5734   debuginfo_eip:F(0,1)
959    PSYM   0      0      00000008 5700   addr:p(2,13)
960    PSYM   0      0      0000000c 5755   info:p(0,28)=*(8,1)
961    SLINE  0      106    00000000 0      
962    SLINE  0      112    00000021 0      
963    SLINE  0      113    00000029 0      
964    SLINE  0      114    00000030 0      
965    SLINE  0      115    00000033 0      
966    SLINE  0      116    0000003a 0      
967    SLINE  0      117    0000003d 0      
968    SLINE  0      120    00000044 0      
969    SLINE  0      131    00000050 0      
970    SLINE  0      131    00000062 0      
971    SLINE  0      131    0000006b 0      
972    SLINE  0      140    00000075 0      
973    SLINE  0      141    0000007c 0      
974    SLINE  0      141    00000093 0      
975    SLINE  0      142    00000099 0      
976    SLINE  0      143    000000aa 0      
977    SLINE  0      143    000000ad 0      
978    SLINE  0      148    000000b8 0      
979    SLINE  0      149    000000bb 0      
980    SLINE  0      150    000000c1 0      
981    SLINE  0      152    000000d8 0      
982    SLINE  0      152    000000e1 0      
983    SLINE  0      155    000000ec 0      
984    SLINE  0      155    000000f8 0      
985    SLINE  0      155    000000fd 0      
986    SLINE  0      155    0000010c 0      
987    SLINE  0      156    00000113 0      
988    SLINE  0      157    0000011f 0      
989    SLINE  0      157    00000122 0      
990    SLINE  0      158    00000125 0      
991    SLINE  0      160    00000127 0      
992    SLINE  0      161    0000012a 0      
993    SLINE  0      170    00000130 0      
994    SLINE  0      170    00000140 0      
995    SLINE  0      170    00000143 0      
996    SLINE  0      187    00000146 0      
997    SLINE  0      188    0000015d 0      
998    SLINE  0      188    00000160 0      
999    SLINE  0      189    0000016c 0      
1000   SLINE  0      189    00000171 0      
1001   SLINE  0      200    0000017f 0      
1002   SLINE  0      200    00000186 0      
1003   SLINE  0      127    00000188 0      
1004   SLINE  0      165    000001a3 0      
1005   SLINE  0      166    000001a6 0      
1006   SLINE  0      167    000001ac 0      
1007   SLINE  0      200    000001bd 0      
1008   SLINE  0      201    000001c1 0      
1009   SLINE  0      201    000001c4 0      
1010   SLINE  0      202    000001c9 0      
1011   SLINE  0      202    000001ce 0      
1012   SLINE  0      204    000001d4 0      
1013   SLINE  0      204    000001e3 0      
1014   SLINE  0      204    000001ef 0      
1015   SLINE  0      205    000001f3 0      
1016   SLINE  0      210    000001fb 0      
1017   SLINE  0      216    00000201 0      
1018   SLINE  0      210    00000206 0      
1019   SLINE  0      211    0000020a 0      
1020   SLINE  0      211    0000021d 0      
1021   SLINE  0      214    0000021f 0      
1022   SLINE  0      211    00000223 0      
1023   SLINE  0      212    00000227 0      
1024   SLINE  0      212    00000230 0      
1025   SLINE  0      216    00000235 0      
1026   SLINE  0      132    0000023c 0      
1027   SLINE  0      144    0000024a 0      
1028   SLINE  0      192    00000251 0      
1029   SLINE  0      216    00000258 0      
1030   SLINE  0      217    0000025d 0      
1031   LSYM   0      0      fffffff4 5775   lfile:(0,1)
1032   LSYM   0      0      fffffff0 5787   rfile:(0,1)
1033   LSYM   0      0      ffffffec 5799   lfun:(0,1)
1034   LSYM   0      0      ffffffe8 5810   rfun:(0,1)
1035   LSYM   0      0      ffffffe4 5821   lline:(0,1)
1036   LSYM   0      0      ffffffe0 5833   rline:(0,1)
1037   RSYM   0      0      00000007 5845   addr:r(2,13)
1038   RSYM   0      0      00000006 5858   info:r(0,28)
1039   LBRAC  0      0      00000000 0      
1040   RBRAC  0      0      00000265 0      
1041   SO     0      0      f0101431 0      
1042   SO     0      2      f0101431 5871   lib/printfmt.c
1043   OPT    0      0      00000000 49     gcc2_compiled.
1044   LSYM   0      0      00000000 64     int:t(0,1)=r(0,1);-2147483648;2147483647;
1045   LSYM   0      0      00000000 106    char:t(0,2)=r(0,2);0;127;
1046   LSYM   0      0      00000000 132    long int:t(0,3)=r(0,3);-2147483648;2147483647;
1047   LSYM   0      0      00000000 179    unsigned int:t(0,4)=r(0,4);0;4294967295;
1048   LSYM   0      0      00000000 220    long unsigned int:t(0,5)=r(0,5);0;4294967295;
1049   LSYM   0      0      00000000 266    __int128:t(0,6)=r(0,6);0;-1;
1050   LSYM   0      0      00000000 295    __int128 unsigned:t(0,7)=r(0,7);0;-1;
1051   LSYM   0      0      00000000 333    long long int:t(0,8)=r(0,8);-9223372036854775808;9223372036854775807;
1052   LSYM   0      0      00000000 403    long long unsigned int:t(0,9)=r(0,9);0;-1;
1053   LSYM   0      0      00000000 446    short int:t(0,10)=r(0,10);-32768;32767;
1054   LSYM   0      0      00000000 486    short unsigned int:t(0,11)=r(0,11);0;65535;
1055   LSYM   0      0      00000000 530    signed char:t(0,12)=r(0,12);-128;127;
1056   LSYM   0      0      00000000 568    unsigned char:t(0,13)=r(0,13);0;255;
1057   LSYM   0      0      00000000 605    float:t(0,14)=r(0,1);4;0;
1058   LSYM   0      0      00000000 631    double:t(0,15)=r(0,1);8;0;
1059   LSYM   0      0      00000000 658    long double:t(0,16)=r(0,1);12;0;
1060   LSYM   0      0      00000000 691    _Float32:t(0,17)=r(0,1);4;0;
1061   LSYM   0      0      00000000 720    _Float64:t(0,18)=r(0,1);8;0;
1062   LSYM   0      0      00000000 749    _Float128:t(0,19)=r(0,1);16;0;
1063   LSYM   0      0      00000000 780    _Float32x:t(0,20)=r(0,1);8;0;
1064   LSYM   0      0      00000000 810    _Float64x:t(0,21)=r(0,1);12;0;
1065   LSYM   0      0      00000000 841    _Decimal32:t(0,22)=r(0,1);4;0;
1066   LSYM   0      0      00000000 872    _Decimal64:t(0,23)=r(0,1);8;0;
1067   LSYM   0      0      00000000 903    _Decimal128:t(0,24)=r(0,1);16;0;
1068   LSYM   0      0      00000000 936    void:t(0,25)=(0,25)
1069   EXCL   0      0      000060d4 968    ./inc/types.h
1070   EXCL   0      0      000024b7 2901   ./inc/stdio.h
1071   EXCL   0      0      00000650 2915   ./inc/stdarg.h
1072   BINCL  0      0      00001a2c 5886   ./inc/error.h
1073   LSYM   0      0      00000000 5900    :T(4,1)=eE_UNSPECIFIED:1,E_BAD_ENV:2,E_INVAL:3,E_NO_MEM:4,E_NO_FREE_ENV:5,E_FAULT:6,MAXERROR:7,;
1074   EINCL  0      0      00000000 0      
1075   LSYM   0      0      00000000 5998   sprintbuf:T(0,26)=s12buf:(3,2),0,32;ebuf:(3,2),32,32;cnt:(0,1),64,32;;
1076   FUN    0      0      f0101431 6069   printnum:f(0,25)
1077   RSYM   0      0      00000007 6086   putch:P(0,27)=*(0,28)=f(0,25)
1078   RSYM   0      0      00000006 6116   putdat:P(0,29)=*(0,25)
1079   PSYM   0      0      00000008 6139   num:p(0,9)
1080   PSYM   0      0      00000010 6150   base:p(0,4)
1081   PSYM   0      0      00000014 6162   width:p(0,1)
1082   PSYM   0      0      00000018 6175   padc:p(0,1)
1083   SLINE  0      38     00000000 0      
1084   SLINE  0      40     00000031 0      
1085   SLINE  0      40     0000003b 0      
1086   SLINE  0      41     00000042 0      
1087   SLINE  0      45     00000077 0      
1088   SLINE  0      44     00000083 0      
1089   SLINE  0      49     0000008a 0      
1090   SLINE  0      49     0000008e 0      
1091   SLINE  0      49     000000a8 0      
1092   SLINE  0      50     000000b3 0      
1093   RSYM   0      0      00000000 6187   base:r(0,4)
1094   RSYM   0      0      00000003 6199   width:r(0,1)
1095   FUN    0      0      f01014ef 6212   sprintputch:f(0,25)
1096   PSYM   0      0      00000008 5156   ch:p(0,1)
1097   PSYM   0      0      0000000c 6232   b:p(0,30)=*(0,26)
1098   SLINE  0      271    00000000 0      
1099   SLINE  0      272    0000000a 0      
1100   SLINE  0      273    0000000e 0      
1101   SLINE  0      273    00000010 0      
1102   SLINE  0      274    00000015 0      
1103   SLINE  0      274    0000001a 0      
1104   SLINE  0      275    0000001f 0      
1105   RSYM   0      0      00000000 6250   ch:r(0,1)
1106   RSYM   0      0      00000000 6260   b:r(0,30)
1107   FUN    0      0      f0101510 6270   printfmt:F(0,25)
1108   PSYM   0      0      00000008 6287   putch:p(0,27)
1109   PSYM   0      0      0000000c 6301   putdat:p(0,29)
1110   PSYM   0      0      00000010 6316   fmt:p(0,31)=*(0,2)
1111   SLINE  0      255    00000000 0      
1112   SLINE  0      258    0000000a 0      
1113   SLINE  0      259    0000000d 0      
1114   SLINE  0      261    0000001c 0      
1115   FUN    0      0      f0101531 6335   vprintfmt:F(0,25)
1116   PSYM   0      0      00000008 6287   putch:p(0,27)
1117   PSYM   0      0      0000000c 6301   putdat:p(0,29)
1118   PSYM   0      0      00000010 6353   fmt:p(0,31)
1119   PSYM   0      0      00000014 5220   ap:p(3,1)
1120   SLINE  0      84     00000000 0      
1121   SLINE  0      168    00000023 0      
1122   SLINE  0      99     00000031 0      
1123   SLINE  0      103    00000035 0      
1124   SLINE  0      101    0000003c 0      
1125   SLINE  0      100    00000043 0      
1126   SLINE  0      102    0000004a 0      
1127   SLINE  0      105    00000055 0      
1128   SLINE  0      105    0000005b 0      
1129   SLINE  0      105    0000007b 0      
1130   SLINE  0      109    0000007e 0      
1131   SLINE  0      105    00000084 0      
1132   SLINE  0      105    0000008d 0      
1133   SLINE  0      105    00000090 0      
1134   SLINE  0      127    00000093 0      
1135   SLINE  0      128    0000009b 0      
1136   SLINE  0      128    0000009e 0      
1137   SLINE  0      129    000000a2 0      
1138   SLINE  0      130    000000a5 0      
1139   SLINE  0      130    000000a8 0      
1140   SLINE  0      127    000000ad 0      
1141   SLINE  0      128    000000b0 0      
1142   SLINE  0      136    000000b2 0      
1143   SLINE  0      105    000000c3 0      
1144   SLINE  0      149    000000c6 0      
1145   SLINE  0      150    000000cc 0      
1146   SLINE  0      150    000000d2 0      
1147   SLINE  0      105    000000ee 0      
1148   SLINE  0      142    000000f1 0      
1149   SLINE  0      105    000000f6 0      
1150   SLINE  0      145    000000f9 0      
1151   SLINE  0      146    00000100 0      
1152   SLINE  0      155    0000010d 0      
1153   SLINE  0      105    00000111 0      
1154   SLINE  0      156    00000114 0      
1155   SLINE  0      160    0000011c 0      
1156   SLINE  0      161    0000012a 0      
1157   SLINE  0      160    0000012d 0      
1158   SLINE  0      161    00000130 0      
1159   SLINE  0      165    00000138 0      
1160   SLINE  0      168    00000145 0      
1161   SLINE  0      168    0000014a 0      
1162   SLINE  0      168    00000150 0      
1163   SLINE  0      171    00000154 0      
1164   SLINE  0      165    00000169 0      
1165   SLINE  0      169    00000171 0      
1166   SLINE  0      165    00000186 0      
1167   SLINE  0      169    00000189 0      
1168   SLINE  0      176    00000191 0      
1169   SLINE  0      177    0000019f 0      
1170   SLINE  0      178    000001b0 0      
1171   SLINE  0      179    000001bc 0      
1172   SLINE  0      179    000001c9 0      
1173   SLINE  0      179    000001da 0      
1174   SLINE  0      179    000001e2 0      
1175   SLINE  0      179    000001e5 0      
1176   SLINE  0      180    000001e7 0      
1177   SLINE  0      179    000001ee 0      
1178   SLINE  0      180    000001f2 0      
1179   SLINE  0      179    000001fb 0      
1180   SLINE  0      185    00000217 0      
1181   SLINE  0      181    00000226 0      
1182   SLINE  0      181    00000229 0      
1183   SLINE  0      181    0000022d 0      
1184   SLINE  0      181    00000230 0      
1185   SLINE  0      181    00000234 0      
1186   SLINE  0      181    0000023a 0      
1187   SLINE  0      182    00000240 0      
1188   SLINE  0      182    00000246 0      
1189   SLINE  0      182    0000024c 0      
1190   SLINE  0      183    00000251 0      
1191   SLINE  0      187    00000262 0      
1192   SLINE  0      186    0000026a 0      
1193   SLINE  0      186    00000270 0      
1194   SLINE  0      176    00000274 0      
1195   SLINE  0      70     00000289 0      
1196   SLINE  0      72     0000028e 0      
1197   SLINE  0      73     00000292 0      
1198   SLINE  0      71     000002a9 0      
1199   SLINE  0      193    000002c0 0      
1200   SLINE  0      197    000002c6 0      
1201   SLINE  0      193    000002cb 0      
1202   SLINE  0      194    000002d3 0      
1203   SLINE  0      195    000002db 0      
1204   SLINE  0      195    000002e8 0      
1205   SLINE  0      197    000002eb 0      
1206   SLINE  0      75     000002f5 0      
1207   SLINE  0      57     00000312 0      
1208   SLINE  0      59     00000317 0      
1209   SLINE  0      60     0000031b 0      
1210   SLINE  0      203    0000032b 0      
1211   SLINE  0      60     00000330 0      
1212   SLINE  0      58     00000335 0      
1213   SLINE  0      203    00000343 0      
1214   SLINE  0      58     00000348 0      
1215   SLINE  0      62     0000034d 0      
1216   SLINE  0      203    0000035d 0      
1217   SLINE  0      62     00000362 0      
1218   SLINE  0      57     0000036a 0      
1219   SLINE  0      59     0000036f 0      
1220   SLINE  0      60     00000373 0      
1221   SLINE  0      218    00000383 0      
1222   SLINE  0      60     00000388 0      
1223   SLINE  0      58     0000038a 0      
1224   SLINE  0      218    00000398 0      
1225   SLINE  0      58     0000039d 0      
1226   SLINE  0      62     0000039f 0      
1227   SLINE  0      218    000003af 0      
1228   SLINE  0      62     000003b4 0      
1229   SLINE  0      223    000003b9 0      
1230   SLINE  0      224    000003c1 0      
1231   SLINE  0      225    000003c9 0      
1232   SLINE  0      228    000003d3 0      
1233   SLINE  0      226    000003d6 0      
1234   SLINE  0      227    000003dc 0      
1235   SLINE  0      235    000003e1 0      
1236   SLINE  0      236    000003f8 0      
1237   SLINE  0      176    000003fb 0      
1238   SLINE  0      92     000003fe 0      
1239   SLINE  0      92     00000401 0      
1240   SLINE  0      92     00000405 0      
1241   SLINE  0      93     0000040e 0      
1242   SLINE  0      95     00000416 0      
1243   SLINE  0      57     00000428 0      
1244   SLINE  0      59     0000042d 0      
1245   SLINE  0      60     00000431 0      
1246   SLINE  0      233    00000441 0      
1247   SLINE  0      60     00000446 0      
1248   SLINE  0      58     00000448 0      
1249   SLINE  0      233    00000456 0      
1250   SLINE  0      58     0000045b 0      
1251   SLINE  0      62     0000045d 0      
1252   SLINE  0      233    0000046d 0      
1253   SLINE  0      62     00000472 0      
1254   SLINE  0      240    0000047a 0      
1255   SLINE  0      241    00000482 0      
1256   SLINE  0      245    0000048d 0      
1257   SLINE  0      246    00000495 0      
1258   SLINE  0      246    0000049a 0      
1259   SLINE  0      246    000004a0 0      
1260   SLINE  0      251    000004ad 0      
1261   RSYM   0      0      00000002 6365   num:r(0,9)
1262   RSYM   0      0      00000000 6376   base:r(0,1)
1263   RSYM   0      0      00000001 6388   lflag:r(0,1)
1264   RSYM   0      0      00000006 6401   putch:r(0,27)
1265   RSYM   0      0      00000007 6415   putdat:r(0,29)
1266   RSYM   0      0      00000003 6430   fmt:r(0,31)
1267   LBRAC  0      0      00000000 0      
1268   RBRAC  0      0      000004b5 0      
1269   FUN    0      0      f01019e6 6442   vsnprintf:F(0,1)
1270   PSYM   0      0      00000008 6459   buf:p(3,2)
1271   PSYM   0      0      0000000c 6470   n:p(0,1)
1272   PSYM   0      0      00000010 6353   fmt:p(0,31)
1273   PSYM   0      0      00000014 5220   ap:p(3,1)
1274   SLINE  0      279    00000000 0      
1275   SLINE  0      280    0000001c 0      
1276   SLINE  0      280    0000001f 0      
1277   SLINE  0      280    00000026 0      
1278   SLINE  0      282    0000002d 0      
1279   SLINE  0      286    00000035 0      
1280   SLINE  0      289    0000004b 0      
1281   SLINE  0      289    0000004e 0      
1282   SLINE  0      291    00000051 0      
1283   SLINE  0      292    00000057 0      
1284   SLINE  0      283    0000005c 0      
1285   LSYM   0      0      ffffffec 6479   b:(0,26)
1286   RSYM   0      0      00000000 6488   buf:r(3,2)
1287   RSYM   0      0      00000002 6499   n:r(0,1)
1288   LBRAC  0      0      00000000 0      
1289   RBRAC  0      0      00000063 0      
1290   FUN    0      0      f0101a49 6508   snprintf:F(0,1)
1291   PSYM   0      0      00000008 6459   buf:p(3,2)
1292   PSYM   0      0      0000000c 6470   n:p(0,1)
1293   PSYM   0      0      00000010 6353   fmt:p(0,31)
1294   SLINE  0      296    00000000 0      
1295   SLINE  0      300    0000000a 0      
1296   SLINE  0      301    0000000d 0      
1297   SLINE  0      305    0000001c 0      
1298   RSYM   0      0      00000000 6524   rc:r(0,1)
1299   LBRAC  0      0      00000000 0      
1300   RBRAC  0      0      0000001e 0      
1301   STSYM  0      0      f011508c 6534   error_string:S(0,32)=ar(0,33)=r(0,33);0;4294967295;;0;6;(0,31)
1302   SO     0      0      f0101a67 0      
1303   SO     0      2      f0101a6b 6597   lib/readline.c
1304   OPT    0      0      00000000 49     gcc2_compiled.
1305   LSYM   0      0      00000000 64     int:t(0,1)=r(0,1);-2147483648;2147483647;
1306   LSYM   0      0      00000000 106    char:t(0,2)=r(0,2);0;127;
1307   LSYM   0      0      00000000 132    long int:t(0,3)=r(0,3);-2147483648;2147483647;
1308   LSYM   0      0      00000000 179    unsigned int:t(0,4)=r(0,4);0;4294967295;
1309   LSYM   0      0      00000000 220    long unsigned int:t(0,5)=r(0,5);0;4294967295;
1310   LSYM   0      0      00000000 266    __int128:t(0,6)=r(0,6);0;-1;
1311   LSYM   0      0      00000000 295    __int128 unsigned:t(0,7)=r(0,7);0;-1;
1312   LSYM   0      0      00000000 333    long long int:t(0,8)=r(0,8);-9223372036854775808;9223372036854775807;
1313   LSYM   0      0      00000000 403    long long unsigned int:t(0,9)=r(0,9);0;-1;
1314   LSYM   0      0      00000000 446    short int:t(0,10)=r(0,10);-32768;32767;
1315   LSYM   0      0      00000000 486    short unsigned int:t(0,11)=r(0,11);0;65535;
1316   LSYM   0      0      00000000 530    signed char:t(0,12)=r(0,12);-128;127;
1317   LSYM   0      0      00000000 568    unsigned char:t(0,13)=r(0,13);0;255;
1318   LSYM   0      0      00000000 605    float:t(0,14)=r(0,1);4;0;
1319   LSYM   0      0      00000000 631    double:t(0,15)=r(0,1);8;0;
1320   LSYM   0      0      00000000 658    long double:t(0,16)=r(0,1);12;0;
1321   LSYM   0      0      00000000 691    _Float32:t(0,17)=r(0,1);4;0;
1322   LSYM   0      0      00000000 720    _Float64:t(0,18)=r(0,1);8;0;
1323   LSYM   0      0      00000000 749    _Float128:t(0,19)=r(0,1);16;0;
1324   LSYM   0      0      00000000 780    _Float32x:t(0,20)=r(0,1);8;0;
1325   LSYM   0      0      00000000 810    _Float64x:t(0,21)=r(0,1);12;0;
1326   LSYM   0      0      00000000 841    _Decimal32:t(0,22)=r(0,1);4;0;
1327   LSYM   0      0      00000000 872    _Decimal64:t(0,23)=r(0,1);8;0;
1328   LSYM   0      0      00000000 903    _Decimal128:t(0,24)=r(0,1);16;0;
1329   LSYM   0      0      00000000 936    void:t(0,25)=(0,25)
1330   EXCL   0      0      000024b7 2901   ./inc/stdio.h
1331   EXCL   0      0      00000650 2915   ./inc/stdarg.h
1332   EXCL   0      0      00001a2c 5886   ./inc/error.h
1333   FUN    0      0      f0101a6b 6612   readline:F(2,2)
1334   PSYM   0      0      00000008 6628   prompt:p(0,26)=*(0,2)
1335   SLINE  0      9      00000000 0      
1336   SLINE  0      12     0000001b 0      
1337   SLINE  0      13     0000001f 0      
1338   SLINE  0      16     00000032 0      
1339   SLINE  0      15     00000042 0      
1340   SLINE  0      29     00000047 0      
1341   SLINE  0      20     00000052 0      
1342   SLINE  0      21     00000062 0      
1343   SLINE  0      37     0000006a 0      
1344   SLINE  0      23     00000072 0      
1345   SLINE  0      25     00000078 0      
1346   SLINE  0      24     0000007d 0      
1347   SLINE  0      28     0000008c 0      
1348   SLINE  0      29     00000098 0      
1349   SLINE  0      29     000000a0 0      
1350   SLINE  0      18     000000a3 0      
1351   SLINE  0      19     000000aa 0      
1352   SLINE  0      22     000000ae 0      
1353   SLINE  0      22     000000b4 0      
1354   SLINE  0      22     000000ba 0      
1355   SLINE  0      26     000000c2 0      
1356   SLINE  0      27     000000cf 0      
1357   SLINE  0      30     000000d7 0      
1358   SLINE  0      31     000000e1 0      
1359   SLINE  0      33     000000e7 0      
1360   SLINE  0      34     000000ef 0      
1361   SLINE  0      32     000000fa 0      
1362   RSYM   0      0      00000006 3684   c:r(0,1)
1363   RSYM   0      0      00000000 6650   prompt:r(0,26)
1364   LBRAC  0      0      00000000 0      
1365   RBRAC  0      0      00000109 0      
1366   LCSYM  0      0      f0115700 6665   buf:S(0,27)=ar(0,28)=r(0,28);0;4294967295;;0;1023;(0,2)
1367   SO     0      0      f0101b74 0      
1368   SO     0      2      f0101b74 6721   lib/string.c
1369   OPT    0      0      00000000 49     gcc2_compiled.
1370   LSYM   0      0      00000000 64     int:t(0,1)=r(0,1);-2147483648;2147483647;
1371   LSYM   0      0      00000000 106    char:t(0,2)=r(0,2);0;127;
1372   LSYM   0      0      00000000 132    long int:t(0,3)=r(0,3);-2147483648;2147483647;
1373   LSYM   0      0      00000000 179    unsigned int:t(0,4)=r(0,4);0;4294967295;
1374   LSYM   0      0      00000000 220    long unsigned int:t(0,5)=r(0,5);0;4294967295;
1375   LSYM   0      0      00000000 266    __int128:t(0,6)=r(0,6);0;-1;
1376   LSYM   0      0      00000000 295    __int128 unsigned:t(0,7)=r(0,7);0;-1;
1377   LSYM   0      0      00000000 333    long long int:t(0,8)=r(0,8);-9223372036854775808;9223372036854775807;
1378   LSYM   0      0      00000000 403    long long unsigned int:t(0,9)=r(0,9);0;-1;
1379   LSYM   0      0      00000000 446    short int:t(0,10)=r(0,10);-32768;32767;
1380   LSYM   0      0      00000000 486    short unsigned int:t(0,11)=r(0,11);0;65535;
1381   LSYM   0      0      00000000 530    signed char:t(0,12)=r(0,12);-128;127;
1382   LSYM   0      0      00000000 568    unsigned char:t(0,13)=r(0,13);0;255;
1383   LSYM   0      0      00000000 605    float:t(0,14)=r(0,1);4;0;
1384   LSYM   0      0      00000000 631    double:t(0,15)=r(0,1);8;0;
1385   LSYM   0      0      00000000 658    long double:t(0,16)=r(0,1);12;0;
1386   LSYM   0      0      00000000 691    _Float32:t(0,17)=r(0,1);4;0;
1387   LSYM   0      0      00000000 720    _Float64:t(0,18)=r(0,1);8;0;
1388   LSYM   0      0      00000000 749    _Float128:t(0,19)=r(0,1);16;0;
1389   LSYM   0      0      00000000 780    _Float32x:t(0,20)=r(0,1);8;0;
1390   LSYM   0      0      00000000 810    _Float64x:t(0,21)=r(0,1);12;0;
1391   LSYM   0      0      00000000 841    _Decimal32:t(0,22)=r(0,1);4;0;
1392   LSYM   0      0      00000000 872    _Decimal64:t(0,23)=r(0,1);8;0;
1393   LSYM   0      0      00000000 903    _Decimal128:t(0,24)=r(0,1);16;0;
1394   LSYM   0      0      00000000 936    void:t(0,25)=(0,25)
1395   EXCL   0      0      00000000 3093   ./inc/string.h
1396   EXCL   0      0      000060d4 968    ./inc/types.h
1397   FUN    0      0      f0101b74 6734   strlen:F(0,1)
1398   PSYM   0      0      00000008 6748   s:p(0,26)=*(0,2)
1399   SLINE  0      13     00000000 0      
1400   SLINE  0      16     0000000a 0      
1401   SLINE  0      16     0000000f 0      
1402   SLINE  0      17     00000015 0      
1403   SLINE  0      19     0000001a 0      
1404   RSYM   0      0      00000000 6499   n:r(0,1)
1405   RSYM   0      0      00000002 6765   s:r(0,26)
1406   LBRAC  0      0      00000000 0      
1407   RBRAC  0      0      0000001c 0      
1408   FUN    0      0      f0101b90 6775   strnlen:F(0,1)
1409   PSYM   0      0      00000008 6790   s:p(0,26)
1410   PSYM   0      0      0000000c 6800   size:p(2,16)
1411   SLINE  0      23     00000000 0      
1412   SLINE  0      26     0000000d 0      
1413   SLINE  0      26     00000012 0      
1414   SLINE  0      26     00000016 0      
1415   SLINE  0      27     0000001c 0      
1416   SLINE  0      29     00000023 0      
1417   RSYM   0      0      00000001 6765   s:r(0,26)
1418   FUN    0      0      f0101bb7 6813   strcpy:F(0,27)=*(0,2)
1419   PSYM   0      0      00000008 6835   dst:p(0,27)
1420   PSYM   0      0      0000000c 6847   src:p(0,26)
1421   SLINE  0      33     00000000 0      
1422   SLINE  0      37     0000000e 0      
1423   SLINE  0      37     00000013 0      
1424   SLINE  0      37     00000017 0      
1425   SLINE  0      37     0000001d 0      
1426   SLINE  0      40     00000021 0      
1427   RSYM   0      0      00000001 6859   dst:r(0,27)
1428   RSYM   0      0      00000003 6871   src:r(0,26)
1429   FUN    0      0      f0101bdd 6883   strcat:F(0,27)
1430   PSYM   0      0      00000008 6835   dst:p(0,27)
1431   PSYM   0      0      0000000c 6847   src:p(0,26)
1432   SLINE  0      44     00000000 0      
1433   SLINE  0      45     0000000e 0      
1434   SLINE  0      46     00000017 0      
1435   SLINE  0      48     00000022 0      
1436   RSYM   0      0      00000003 6859   dst:r(0,27)
1437   FUN    0      0      f0101c06 6898   strncpy:F(0,27)
1438   PSYM   0      0      00000008 6835   dst:p(0,27)
1439   PSYM   0      0      0000000c 6847   src:p(0,26)
1440   PSYM   0      0      00000010 6800   size:p(2,16)
1441   SLINE  0      51     00000000 0      
1442   SLINE  0      56     00000014 0      
1443   SLINE  0      56     00000016 0      
1444   SLINE  0      57     0000001a 0      
1445   SLINE  0      57     0000001d 0      
1446   SLINE  0      57     00000020 0      
1447   SLINE  0      60     00000023 0      
1448   SLINE  0      63     0000002b 0      
1449   RSYM   0      0      00000006 6859   dst:r(0,27)
1450   RSYM   0      0      00000002 6871   src:r(0,26)
1451   FUN    0      0      f0101c37 6914   strlcpy:F(2,16)
1452   PSYM   0      0      00000008 6835   dst:p(0,27)
1453   PSYM   0      0      0000000c 6847   src:p(0,26)
1454   PSYM   0      0      00000010 6800   size:p(2,16)
1455   SLINE  0      67     00000000 0      
1456   SLINE  0      71     00000014 0      
1457   SLINE  0      72     0000001e 0      
1458   SLINE  0      72     00000022 0      
1459   SLINE  0      72     00000025 0      
1460   SLINE  0      73     00000029 0      
1461   SLINE  0      73     0000002c 0      
1462   SLINE  0      73     0000002f 0      
1463   SLINE  0      74     00000036 0      
1464   SLINE  0      76     00000039 0      
1465   SLINE  0      77     0000003b 0      
1466   RSYM   0      0      00000006 6859   dst:r(0,27)
1467   RSYM   0      0      00000001 6871   src:r(0,26)
1468   RSYM   0      0      00000002 6930   size:r(2,16)
1469   FUN    0      0      f0101c76 6943   strcmp:F(0,1)
1470   PSYM   0      0      00000008 6957   p:p(0,26)
1471   PSYM   0      0      0000000c 6967   q:p(0,26)
1472   SLINE  0      81     00000000 0      
1473   SLINE  0      82     0000000d 0      
1474   SLINE  0      82     00000010 0      
1475   SLINE  0      82     00000014 0      
1476   SLINE  0      83     00000018 0      
1477   SLINE  0      83     0000001b 0      
1478   SLINE  0      84     00000020 0      
1479   SLINE  0      84     00000023 0      
1480   SLINE  0      84     00000026 0      
1481   SLINE  0      85     00000028 0      
1482   RSYM   0      0      00000001 6977   p:r(0,26)
1483   RSYM   0      0      00000002 6987   q:r(0,26)
1484   FUN    0      0      f0101ca0 6997   strncmp:F(0,1)
1485   PSYM   0      0      00000008 6957   p:p(0,26)
1486   PSYM   0      0      0000000c 6967   q:p(0,26)
1487   PSYM   0      0      00000010 7012   n:p(2,16)
1488   SLINE  0      89     00000000 0      
1489   SLINE  0      90     00000013 0      
1490   SLINE  0      91     00000015 0      
1491   SLINE  0      91     00000018 0      
1492   SLINE  0      90     0000001b 0      
1493   SLINE  0      90     0000001f 0      
1494   SLINE  0      90     00000022 0      
1495   SLINE  0      90     00000026 0      
1496   SLINE  0      95     0000002a 0      
1497   SLINE  0      95     0000002d 0      
1498   SLINE  0      95     00000030 0      
1499   SLINE  0      96     00000032 0      
1500   SLINE  0      93     00000035 0      
1501   RSYM   0      0      00000000 6977   p:r(0,26)
1502   RSYM   0      0      00000002 6987   q:r(0,26)
1503   FUN    0      0      f0101cdc 7022   strchr:F(0,27)
1504   PSYM   0      0      00000008 6790   s:p(0,26)
1505   PSYM   0      0      0000000c 3866   c:p(0,1)
1506   SLINE  0      102    00000000 0      
1507   SLINE  0      103    0000000e 0      
1508   SLINE  0      103    00000011 0      
1509   SLINE  0      104    00000015 0      
1510   SLINE  0      103    00000019 0      
1511   SLINE  0      106    0000001e 0      
1512   SLINE  0      107    00000023 0      
1513   RSYM   0      0      00000000 6765   s:r(0,26)
1514   RSYM   0      0      00000001 7037   c:r(0,2)
1515   FUN    0      0      f0101d01 7046   strfind:F(0,27)
1516   PSYM   0      0      00000008 6790   s:p(0,26)
1517   PSYM   0      0      0000000c 3866   c:p(0,1)
1518   SLINE  0      113    00000000 0      
1519   SLINE  0      114    0000000e 0      
1520   SLINE  0      115    00000011 0      
1521   SLINE  0      114    00000019 0      
1522   SLINE  0      118    0000001e 0      
1523   RSYM   0      0      00000000 6765   s:r(0,26)
1524   RSYM   0      0      00000001 7037   c:r(0,2)
1525   FUN    0      0      f0101d21 7062   memset:F(0,28)=*(0,25)
1526   PSYM   0      0      00000008 7085   v:p(0,28)
1527   PSYM   0      0      0000000c 3866   c:p(0,1)
1528   PSYM   0      0      00000010 7012   n:p(2,16)
1529   SLINE  0      123    00000000 0      
1530   SLINE  0      126    00000010 0      
1531   SLINE  0      128    00000014 0      
1532   SLINE  0      129    0000001c 0      
1533   SLINE  0      130    00000020 0      
1534   SLINE  0      130    00000025 0      
1535   SLINE  0      130    0000002a 0      
1536   SLINE  0      130    0000002f 0      
1537   SLINE  0      130    00000033 0      
1538   SLINE  0      132    00000035 0      
1539   SLINE  0      131    00000038 0      
1540   SLINE  0      135    0000003f 0      
1541   SLINE  0      139    00000045 0      
1542   RSYM   0      0      00000007 7095   v:r(0,28)
1543   RSYM   0      0      00000001 7105   n:r(2,16)
1544   FUN    0      0      f0101d6d 7115   memmove:F(0,28)
1545   PSYM   0      0      00000008 7131   dst:p(0,28)
1546   PSYM   0      0      0000000c 7143   src:p(0,29)=*(0,25)
1547   PSYM   0      0      00000010 7012   n:p(2,16)
1548   SLINE  0      143    00000000 0      
1549   SLINE  0      149    00000012 0      
1550   SLINE  0      149    00000016 0      
1551   SLINE  0      149    00000019 0      
1552   SLINE  0      151    0000001d 0      
1553   SLINE  0      152    00000020 0      
1554   SLINE  0      154    0000002e 0      
1555   SLINE  0      154    00000031 0      
1556   SLINE  0      154    00000034 0      
1557   SLINE  0      153    00000037 0      
1558   SLINE  0      157    0000003c 0      
1559   SLINE  0      157    0000003f 0      
1560   SLINE  0      156    00000042 0      
1561   SLINE  0      159    00000045 0      
1562   SLINE  0      161    00000048 0      
1563   SLINE  0      163    00000053 0      
1564   SLINE  0      162    00000056 0      
1565   SLINE  0      165    0000005d 0      
1566   SLINE  0      169    00000062 0      
1567   RSYM   0      0      00000007 7163   d:r(0,27)
1568   RSYM   0      0      00000000 7173   dst:r(0,28)
1569   RSYM   0      0      00000006 7185   src:r(0,29)
1570   RSYM   0      0      00000001 7105   n:r(2,16)
1571   LBRAC  0      0      00000000 0      
1572   RBRAC  0      0      00000066 0      
1573   FUN    0      0      f0101dd3 7197   memcpy:F(0,28)
1574   PSYM   0      0      00000008 7131   dst:p(0,28)
1575   PSYM   0      0      0000000c 7212   src:p(0,29)
1576   PSYM   0      0      00000010 7012   n:p(2,16)
1577   SLINE  0      210    00000000 0      
1578   SLINE  0      211    0000000a 0      
1579   SLINE  0      212    00000018 0      
1580   FUN    0      0      f0101ded 7224   memcmp:F(0,1)
1581   PSYM   0      0      00000008 7238   v1:p(0,29)
1582   PSYM   0      0      0000000c 7249   v2:p(0,29)
1583   PSYM   0      0      00000010 7012   n:p(2,16)
1584   SLINE  0      216    00000000 0      
1585   SLINE  0      220    00000014 0      
1586   SLINE  0      221    00000018 0      
1587   SLINE  0      221    0000001b 0      
1588   SLINE  0      221    0000001e 0      
1589   SLINE  0      223    00000022 0      
1590   SLINE  0      223    00000025 0      
1591   SLINE  0      222    0000002a 0      
1592   SLINE  0      222    0000002d 0      
1593   SLINE  0      222    00000030 0      
1594   SLINE  0      226    00000034 0      
1595   SLINE  0      227    00000039 0      
1596   RSYM   0      0      00000000 7260   s1:r(0,30)=*(2,5)
1597   RSYM   0      0      00000002 7278   s2:r(0,30)
1598   RSYM   0      0      00000000 7289   v1:r(0,29)
1599   RSYM   0      0      00000002 7300   v2:r(0,29)
1600   LBRAC  0      0      00000000 0      
1601   RBRAC  0      0      0000003d 0      
1602   FUN    0      0      f0101e2a 7311   memfind:F(0,28)
1603   PSYM   0      0      00000008 7327   s:p(0,29)
1604   PSYM   0      0      0000000c 3866   c:p(0,1)
1605   PSYM   0      0      00000010 7012   n:p(2,16)
1606   SLINE  0      231    00000000 0      
1607   SLINE  0      232    0000000d 0      
1608   SLINE  0      233    00000012 0      
1609   SLINE  0      234    00000016 0      
1610   SLINE  0      233    0000001a 0      
1611   SLINE  0      237    0000001f 0      
1612   RSYM   0      0      00000002 7337   ends:r(0,29)
1613   RSYM   0      0      00000000 7350   s:r(0,29)
1614   RSYM   0      0      00000001 3684   c:r(0,1)
1615   LBRAC  0      0      00000000 0      
1616   RBRAC  0      0      00000021 0      
1617   FUN    0      0      f0101e4b 7360   strtol:F(0,3)
1618   PSYM   0      0      00000008 6790   s:p(0,26)
1619   PSYM   0      0      0000000c 7374   endptr:p(0,31)=*(0,27)
1620   PSYM   0      0      00000010 7397   base:p(0,1)
1621   SLINE  0      241    00000000 0      
1622   SLINE  0      246    00000010 0      
1623   SLINE  0      247    00000012 0      
1624   SLINE  0      246    00000015 0      
1625   SLINE  0      246    00000018 0      
1626   SLINE  0      250    00000020 0      
1627   SLINE  0      242    00000024 0      
1628   SLINE  0      252    00000029 0      
1629   SLINE  0      256    0000002d 0      
1630   SLINE  0      256    00000035 0      
1631   SLINE  0      261    0000003a 0      
1632   SLINE  0      251    0000004e 0      
1633   SLINE  0      242    00000051 0      
1634   SLINE  0      253    00000058 0      
1635   SLINE  0      253    0000005b 0      
1636   SLINE  0      256    00000062 0      
1637   SLINE  0      258    00000068 0      
1638   SLINE  0      259    0000006c 0      
1639   SLINE  0      259    0000006f 0      
1640   SLINE  0      259    00000074 0      
1641   SLINE  0      257    00000076 0      
1642   SLINE  0      257    00000079 0      
1643   SLINE  0      257    0000007e 0      
1644   SLINE  0      268    00000080 0      
1645   SLINE  0      268    00000083 0      
1646   SLINE  0      275    00000086 0      
1647   SLINE  0      277    0000008b 0      
1648   SLINE  0      277    0000008e 0      
1649   SLINE  0      277    00000092 0      
1650   SLINE  0      267    00000094 0      
1651   SLINE  0      267    00000097 0      
1652   SLINE  0      267    0000009a 0      
1653   SLINE  0      269    000000a1 0      
1654   SLINE  0      269    000000a4 0      
1655   SLINE  0      270    000000ab 0      
1656   SLINE  0      270    000000ae 0      
1657   SLINE  0      271    000000b3 0      
1658   SLINE  0      271    000000b6 0      
1659   SLINE  0      272    000000bd 0      
1660   SLINE  0      272    000000c0 0      
1661   SLINE  0      281    000000c5 0      
1662   SLINE  0      282    000000cb 0      
1663   SLINE  0      283    000000d0 0      
1664   SLINE  0      284    000000d9 0      
1665   RSYM   0      0      00000007 7409   neg:r(0,1)
1666   RSYM   0      0      00000000 7420   val:r(0,3)
1667   RSYM   0      0      00000001 6765   s:r(0,26)
1668   RSYM   0      0      00000003 6376   base:r(0,1)
1669   LBRAC  0      0      00000000 0      
1670   RSYM   0      0      00000002 7431   dig:r(0,1)
1671   LBRAC  0      0      00000080 0      
1672   RBRAC  0      0      000000c5 0      
1673   RBRAC  0      0      000000de 0      
1674   SO     0      0      f0101f29 0      

